751625
1973
5039 5 19 1
2432 4 19 1
4187 0 19 1
3639 5 18 1
23 1 19 1
2858 5 17 1
820 0 18 1
2697 4 18 1
3954 3 19 1
3196 1 18 1
4988 5 16 1
4732 4 17 1
2777 3 18 1
339 2 19 1
2403 4 16 1
1877 2 18 1
2258 3 17 1
4875 2 17 1
1264 0 17 1
4557 3 16 1
639 2 16 1
3820 0 16 1
2618 1 17 1
3721 1 16 1
177 0 15 1
4906 1 15 1
533 0 14 1
1325 2 15 1
256 1 14 1
331 0 11 1
1201 0 13 1
2431 5 15 1
1151 2 14 1
3030 7 13 1
1469 1 11 1
5028 1 13 1
3989 0 12 1
2802 3 15 1
1629 0 8 1
2347 2 13 1
1980 5 14 1
480 6 13 1
372 0 9 1
2535 4 15 1
2127 3 14 1
1630 1 12 1
1199 7 12 1
1572 1 8 1
2357 0 10 1
3868 4 14 1
274 3 13 1
4669 2 8 1
4847 6 12 1
1019 2 12 1
85 5 13 1
305 1 9 1
353 2 11 1
346 2 9 1
4285 4 13 1
880 5 12 1
2143 3 12 1
3775 1 10 1
3142 2 10 1
2646 4 12 1
1474 3 11 1
5075 3 10 1
4982 3 8 1
1206 4 11 1
569 5 11 1
5005 4 8 1
1925 4 10 1
1156 3 9 1
1088 7 11 1
858 0 7 1
4796 4 9 1
2494 7 10 1
1750 6 11 1
4242 5 10 1
243 0 4 1
5033 6 10 1
435 5 9 1
3461 1 7 1
529 0 6 1
2539 7 9 1
140 6 9 1
3158 2 7 1
2278 0 3 1
3413 1 6 1
3536 0 5 1
3510 1 4 1
3084 7 8 1
3089 0 2 1
2503 3 7 1
1616 7 7 1
1262 1 3 1
70 1 5 1
238 2 6 1
4383 0 0 1
3823 6 8 1
1949 0 1 1
3315 5 8 1
1918 6 7 1
4328 6 19 1
3484 7 6 1
734 1 0 1
4501 2 5 1
2110 1 2 1
1838 4 7 1
1055 3 6 1
2906 2 3 1
3033 7 5 1
2129 3 3 1
4217 6 6 1
3713 2 4 1
2973 3 5 1
786 2 2 1
2309 6 14 1
4239 11 19 1
847 6 18 1
1097 4 6 1
4271 2 0 1
1873 1 1 1
4229 7 19 1
149 5 7 1
3504 2 1 1
3709 6 15 1
2186 6 17 1
1415 3 4 1
1726 3 0 1
3707 3 2 1
1426 6 5 1
4647 7 18 1
294 7 14 1
2992 12 19 1
210 11 18 1
955 4 5 1
4569 8 19 1
4905 5 6 1
718 7 15 1
559 13 19 1
3825 12 18 1
3722 9 19 1
466 8 18 1
1226 19 19 1
1257 7 17 1
4046 4 0 1
1071 6 16 1
484 3 1 1
2633 4 4 1
2553 5 5 1
2139 5 4 1
3152 10 19 1
4068 18 19 1
922 12 17 1
2704 8 17 1
1931 4 3 1
96 19 18 1
2796 7 16 1
2982 4 1 1
3028 9 18 1
2568 5 0 1
375 14 19 1
4488 13 18 1
5056 13 17 1
1095 17 19 1
2523 10 18 1
1046 15 19 1
563 9 17 1
3525 5 1 1
4170 8 16 1
328 8 14 1
2807 14 18 1
1625 18 18 1
909 4 2 1
3424 12 16 1
4119 19 17 1
2224 6 4 1
597 5 3 1
2393 6 0 1
1547 6 1 1
1240 13 16 1
2268 14 17 1
1580 7 0 1
1356 6 3 1
4297 9 16 1
756 9 14 1
4375 15 18 1
4820 18 17 1
2551 16 19 1
356 8 15 1
4195 17 18 1
1723 5 2 1
4234 10 17 1
4255 8 0 1
4785 11 17 1
4581 14 14 1
3311 14 16 1
2810 7 1 1
2048 13 15 1
3027 16 18 1
99 6 2 1
2889 10 16 1
1110 9 15 1
1282 15 17 1
1765 17 17 1
1540 12 15 1
1062 10 15 1
3891 13 14 1
258 11 16 1
5015 7 4 1
4882 15 16 1
4616 7 2 1
348 8 1 1
666 19 16 1
3264 19 12 1
3770 8 9 1
1718 8 13 1
2921 9 0 1
1706 17 12 1
4712 16 17 1
3943 14 13 1
241 18 16 1
5004 18 12 1
2211 19 13 1
1565 19 15 1
1970 12 14 1
1316 13 13 1
1685 16 16 1
3801 7 3 1
4857 11 15 1
4180 8 2 1
405 9 1 1
151 8 12 1
2369 8 10 1
4318 8 8 1
2983 10 14 1
4841 9 9 1
2751 8 4 1
4263 9 13 1
2004 10 0 1
4064 10 9 1
4908 10 13 1
532 9 10 1
3540 9 8 1
1841 9 12 1
2418 11 0 1
1779 12 13 1
612 10 1 1
156 17 16 1
367 9 2 1
322 18 13 1
637 18 15 1
941 19 14 1
3107 8 3 1
1268 11 14 1
1158 8 7 1
4506 8 11 1
268 9 11 1
170 10 10 1
3944 10 8 1
1022 10 12 1
1929 8 6 1
3687 12 0 1
2126 16 0 1
3173 9 7 1
1314 9 3 1
3988 17 15 1
2047 11 13 1
3018 18 14 1
2733 10 2 1
2275 11 1 1
3302 10 3 1
84 15 0 1
4248 14 15 1
14 16 1 1
732 10 7 1
1378 11 12 1
483 17 14 1
4142 9 4 1
762 11 2 1
4900 13 0 1
4157 8 5 1
1056 9 6 1
142 12 1 1
4784 16 15 1
309 10 11 1
2607 17 13 1
4765 15 15 1
4121 15 1 1
4889 9 5 1
926 16 2 1
3009 19 11 1
515 16 14 1
1439 10 4 1
317 10 6 1
4188 11 11 1
3783 11 7 1
1770 12 2 1
3495 12 12 1
1559 11 3 1
4149 13 1 1
2491 14 0 1
3671 10 5 1
3984 16 13 1
2874 13 12 1
1688 15 2 1
1381 13 2 1
1343 11 4 1
1344 16 3 1
4166 14 1 1
2464 18 11 1
2545 12 11 1
833 12 7 1
4131 11 10 1
4700 15 14 1
3093 19 8 1
1450 19 10 1
4306 12 3 1
2595 11 6 1
1130 17 11 1
583 11 9 1
2022 13 11 1
4125 13 7 1
406 14 12 1
2878 13 3 1
4317 11 5 1
2178 18 8 1
1995 12 4 1
1230 18 10 1
1244 19 9 1
4650 12 10 1
1309 12 6 1
1570 16 12 1
1404 16 4 1
3087 14 2 1
994 15 13 1
3965 15 3 1
3925 11 8 1
4871 14 11 1
4243 15 12 1
4196 12 5 1
3489 15 4 1
3977 12 9 1
1816 14 3 1
3205 18 9 1
3243 16 11 1
4548 13 4 1
2447 13 6 1
1395 17 10 1
4999 17 8 1
3174 13 10 1
2417 16 10 1
1830 17 9 1
2043 13 9 1
1052 15 11 1
4445 12 8 1
4530 14 4 1
247 14 10 1
2970 13 5 1
3598 14 9 1
368 14 5 1
3934 13 8 1
834 15 10 1
3437 16 9 1
3242 15 9 1
4844 15 5 1
4947 14 8 1
2745 14 6 1
175 15 6 1
581 15 8 1
437 14 7 1
1465 15 7 1
4448 19 7 1
1836 16 8 1
772 19 6 1
4426 16 7 1
1783 18 7 1
2046 17 7 1
598 18 6 1
3566 16 6 1
157 16 5 1
1595 17 6 1
2662 17 5 1
1442 17 4 1
454 18 5 1
2758 19 5 1
17 17 3 1
3498 18 4 1
261 17 2 1
3655 19 4 1
2290 18 3 1
4836 19 3 1
4055 18 2 1
3339 17 1 1
2695 19 2 1
2966 18 1 1
1252 17 0 1
4547 19 1 1
3789 18 0 1
2458 19 0 1
1372 17 0 4
1915 18 0 4
181 17 1 5
76 18 1 5
2516 18 4 6
478 17 2 6
4309 18 3 6
1623 18 2 6
566 16 8 7
463 19 6 7
4197 16 6 7
3327 18 6 7
1076 17 3 7
2782 17 4 7
1968 16 5 7
2700 15 10 8
4267 14 6 8
1194 14 7 8
1388 19 7 8
4904 18 7 8
2399 15 11 9
2184 13 4 9
1810 17 10 9
2964 17 8 9
831 13 6 9
1235 13 9 9
4449 15 13 10
646 15 12 10
2771 19 9 10
143 11 5 10
4307 16 4 10
3830 14 2 10
936 11 8 10
1295 14 11 10
2145 15 4 10
4629 17 1 10
4978 17 0 10
1369 18 0 10
1138 14 0 11
5063 10 5 11
1626 15 14 11
114 19 11 11
3460 17 11 11
705 14 12 11
2730 13 7 11
4918 12 12 11
510 11 7 11
2415 12 2 11
121 15 2 11
3737 11 10 11
4945 13 12 11
4667 18 11 11
4040 19 8 11
2325 12 3 11
1353 19 10 11
1711 12 7 11
2795 13 11 11
5036 18 8 11
4713 11 9 11
4528 18 10 11
3483 18 9 11
1820 12 9 11
4803 12 8 11
438 17 9 11
3232 13 8 11
976 14 8 11
2738 16 1 12
5041 12 1 12
3039 8 5 12
2863 14 15 12
3746 9 5 12
2723 15 15 12
893 13 0 12
3580 16 15 12
3803 11 12 12
787 10 7 12
1544 10 3 12
4774 9 4 12
2821 16 14 12
3422 16 2 12
3187 10 4 12
1501 16 3 12
2881 15 3 12
1012 10 9 13
467 12 0 13
361 16 0 13
5085 10 8 13
2805 9 10 13
1633 9 8 13
3365 9 12 13
887 10 1 13
2463 18 13 13
2397 18 15 13
4746 15 0 13
776 8 6 13
4567 15 1 13
2710 10 10 13
135 14 1 13
4827 13 1 13
3816 13 2 13
1690 13 3 13
3013 14 3 13
3133 14 4 13
3530 17 12 14
3211 14 13 14
4591 7 3 14
2404 18 12 14
3565 13 13 14
1701 12 14 14
2963 9 13 14
3449 9 9 14
2705 19 16 14
1803 19 12 14
1981 16 17 14
2672 12 13 14
3025 8 9 14
648 8 1 14
92 8 13 14
240 10 0 14
3534 9 3 14
4455 8 10 14
4701 8 8 14
2577 8 12 14
4425 11 13 14
1498 18 16 14
318 19 13 14
3716 19 15 14
1234 19 14 14
3607 11 0 14
2915 8 11 14
2815 8 7 14
4677 11 1 14
5087 9 7 14
4535 9 11 14
3204 18 14 14
2233 9 6 14
2435 10 6 14
2057 11 6 14
3079 12 6 14
287 14 14 15
1658 8 15 15
1470 13 14 15
2916 16 19 15
4441 11 17 15
2636 13 15 15
656 10 15 15
2540 12 15 15
853 7 4 15
1530 14 16 15
3402 8 0 15
4062 7 1 15
1542 8 4 15
2943 8 3 15
928 9 0 15
681 9 1 15
4787 19 17 16
3228 8 14 16
4872 18 17 16
2775 9 14 16
2866 9 17 16
595 9 15 16
4319 12 16 16
2284 17 17 16
726 17 19 16
1878 7 0 16
2378 13 16 16
2066 4 2 16
1763 15 19 16
3156 6 0 16
2542 6 4 16
2116 6 1 16
1935 6 3 16
4210 19 18 17
898 9 18 17
2534 8 17 17
2701 4 4 17
2130 14 19 17
1443 13 18 17
4494 4 3 17
4500 5 0 17
1636 14 18 17
4524 8 19 18
153 8 18 18
3295 7 14 18
3961 19 19 18
1676 9 19 18
1037 7 15 18
2661 13 19 18
712 10 19 18
1727 11 18 18
4256 4 5 18
3157 18 19 18
1730 10 18 18
660 18 18 18
1463 4 0 18
1864 17 18 18
677 10 17 18
2739 16 18 18
2917 15 18 18
3230 2 4 19
5023 3 4 19
2187 7 19 19
2818 6 14 19
3771 2 3 19
939 7 18 19
1496 6 15 19
4987 4 7 19
2154 5 7 19
4146 2 0 19
2778 6 16 19
1812 11 19 19
205 2 2 19
3479 3 3 19
4314 3 0 19
1061 3 2 19
4825 12 19 19
2156 12 18 19
3146 12 17 19
4001 13 17 19
5008 14 17 19
836 15 17 19
4856 15 16 19
2109 16 16 19
2524 17 16 19
4678 17 15 19
5080 2 6 20
4589 6 19 20
2699 5 8 20
3938 6 18 20
3215 6 8 20
4087 0 0 20
3000 0 1 20
2976 7 6 20
3782 6 17 20
3390 1 0 20
345 7 5 20
2949 7 17 20
1483 7 16 20
2687 6 5 20
1367 8 16 20
2462 9 16 20
4931 10 16 20
3436 11 16 20
1653 11 15 20
4352 11 14 20
2509 10 14 20
999 10 13 20
2411 10 12 20
1241 14 7 20
1554 19 7 20
2383 18 7 20
2801 2 7 21
1505 0 6 21
940 0 5 21
286 6 9 21
245 0 3 21
4355 0 2 21
2295 3 7 21
4394 14 6 21
3140 3 9 22
1598 5 9 22
2305 0 7 22
3571 6 11 22
2327 1 7 22
3416 7 11 22
2974 1 6 22
3462 0 4 22
4773 1 5 22
3026 1 4 22
217 2 5 22
3067 1 3 22
5 3 5 22
4801 3 6 22
3318 1 2 22
1322 4 6 22
2482 1 1 22
800 2 1 22
3947 3 1 22
1112 4 1 22
1146 5 1 22
2683 18 14 22
130 17 14 22
4888 15 10 22
1712 16 5 22
3670 3 8 23
4200 3 11 23
4252 4 8 23
1940 4 9 23
3248 5 11 23
4153 2 9 24
2728 2 11 24
3338 8 7 24
4365 8 11 24
432 11 0 24
4568 9 7 24
2502 11 1 24
3166 2 8 25
3297 1 8 25
1149 5 13 25
3445 0 10 25
823 3 13 25
2163 19 15 25
5132 19 13 25
5073 18 16 25
1486 11 13 25
1329 10 13 25
1203 19 14 25
835 17 16 25
4163 10 12 25
131 18 14 25
3987 17 15 25
868 17 14 25
5049 17 13 25
4813 11 9 25
4948 18 8 25
2244 12 9 25
1562 12 8 25
2033 13 8 25
1593 14 8 25
110 17 3 25
1933 17 4 25
4315 7 12 26
1277 3 14 26
3682 16 2 26
2514 12 7 26
132 16 3 26
1120 15 3 26
2314 12 10 26
4212 16 6 26
3309 5 14 27
2203 9 4 27
3949 10 3 27
2690 10 4 27
4308 19 10 27
2025 16 8 27
3458 19 6 27
3900 18 6 27
680 0 8 28
1481 0 12 28
103 3 15 28
754 0 9 28
4542 2 13 28
966 1 9 28
4332 1 10 28
3325 2 10 28
520 3 10 28
885 8 13 28
4289 8 10 28
2019 10 0 28
21 8 12 28
1045 9 3 28
2343 11 0 28
2998 8 11 28
1321 9 11 28
284 11 1 28
391 10 11 28
1769 9 6 28
2349 19 8 28
1007 11 4 28
4848 18 8 28
4757 14 11 28
5091 15 4 28
3642 17 1 28
3996 17 0 28
4377 18 0 28
2835 0 13 29
2981 1 13 29
4760 5 15 29
407 7 13 29
2319 4 15 29
3885 6 13 29
4097 6 12 29
3584 5 12 29
235 8 1 29
4270 8 9 29
1532 8 8 29
1607 8 7 29
441 13 12 29
2392 18 11 29
3875 18 10 29
2873 18 9 29
3209 17 9 29
1715 0 14 30
4819 0 11 30
4244 2 15 30
290 1 11 30
5001 1 12 30
384 2 12 30
187 3 12 30
3298 7 1 30
1987 12 13 30
2450 13 0 30
3991 12 2 30
5026 12 3 30
3665 11 10 30
647 15 2 30
2254 15 3 30
4955 12 10 30
3074 18 3 30
3831 0 16 31
4260 0 15 31
503 8 0 31
4439 19 12 31
5029 9 0 31
497 9 1 31
4071 19 13 31
3652 19 14 31
2847 18 14 31
1377 10 6 31
5053 17 2 31
4884 18 2 31
2806 3 16 32
3294 0 17 32
2583 1 17 32
2594 7 4 32
1936 15 18 32
4098 8 4 32
35 8 3 32
3696 8 6 32
2328 14 15 32
4452 8 7 32
4162 9 7 32
3190 15 15 32
4086 10 10 32
4692 16 15 32
4462 10 7 32
5017 10 11 32
2161 12 12 32
735 13 1 32
491 11 7 32
474 13 2 32
171 11 6 32
4903 13 3 32
2197 11 8 32
3572 12 8 32
2078 13 8 32
2860 14 8 32
4995 18 4 32
394 4 0 33
541 4 1 33
1674 11 17 33
3006 14 18 33
3349 16 19 33
3464 19 16 33
2528 18 16 33
1387 18 15 33
2663 15 0 33
547 15 1 33
3161 14 1 33
473 16 4 33
4603 14 2 33
793 14 3 33
3865 15 4 33
3750 14 4 33
3725 2 19 34
3521 5 0 34
2923 6 3 34
585 18 13 34
3388 8 5 34
4330 9 5 34
4262 18 14 34
211 9 4 34
2764 13 7 34
3946 10 4 34
739 5 16 35
2727 4 16 35
3884 4 17 35
691 1 18 35
3827 2 18 35
4191 4 5 35
514 11 18 35
892 12 18 35
134 6 4 35
411 4 3 35
1466 12 17 35
3022 18 19 35
3537 18 18 35
2262 6 0 35
977 17 18 35
3120 13 14 35
462 6 1 35
2317 13 15 35
208 12 15 35
4957 10 1 35
2473 11 5 35
3959 16 5 35
1861 3 19 36
2469 3 18 36
1236 9 9 36
2677 8 9 36
1058 9 13 36
2840 8 8 36
4096 8 7 36
1407 9 12 36
4842 12 1 36
4493 12 2 36
1479 14 12 36
3527 13 12 36
4602 15 10 36
1475 4 18 37
773 14 19 37
3550 8 15 37
4613 15 19 37
1609 5 1 37
3358 16 19 37
2318 14 16 37
3616 16 18 37
4405 16 17 37
1566 13 6 37
565 13 9 37
2896 14 7 37
4109 19 7 37
4953 18 7 37
1939 0 18 38
1032 5 17 38
1503 1 18 38
1796 7 15 38
4631 10 15 38
5055 10 14 38
2882 9 8 38
4864 9 7 38
3762 10 7 38
3744 11 7 38
2682 12 7 38
3179 12 6 38
3440 17 8 38
824 0 4 39
2674 1 4 39
292 1 3 39
4414 1 2 39
888 3 0 39
3128 9 19 39
3098 10 19 39
4954 13 16 39
3791 10 18 39
4066 10 17 39
2850 9 10 39
1279 9 11 39
1734 10 11 39
4730 17 11 39
2074 19 9 39
1867 7 11 40
2761 1 0 40
2867 1 1 40
66 2 2 40
3676 7 5 40
1132 3 3 40
2461 6 5 40
52 3 2 40
4367 13 13 40
5127 18 12 40
1557 18 13 40
3647 18 14 40
2159 17 10 40
1165 5 18 41
3373 1 19 41
2506 5 17 41
2660 1 18 41
2440 4 17 41
627 3 17 41
2793 11 19 41
2679 12 19 41
4469 6 17 41
1791 7 17 41
4747 13 19 41
3019 4 4 41
2067 8 17 41
2720 7 0 41
100 13 18 41
2972 6 0 41
1575 6 1 41
2991 7 3 41
1870 15 16 41
1084 19 11 41
2620 18 11 41
4176 18 10 41
1579 2 0 42
1635 2 1 42
1137 3 1 42
2809 6 16 42
3086 14 13 42
2407 17 17 42
3867 14 14 42
4268 13 14 42
4320 12 14 42
701 10 8 42
959 15 14 42
3451 17 1 42
2230 17 0 42
4385 18 0 42
752 6 11 43
1714 1 7 43
2650 1 6 43
342 1 5 43
3139 2 5 43
1879 3 5 43
3435 7 14 43
4661 7 15 43
3050 19 19 43
485 18 19 43
965 17 19 43
2580 16 19 43
1489 16 18 43
1950 16 0 43
2282 15 0 43
696 15 1 43
1615 14 1 43
2222 15 12 43
4219 14 2 43
4209 13 4 43
1855 13 10 43
3904 14 6 43
5136 18 1 43
3602 0 19 44
3577 1 19 44
4791 1 18 44
1809 2 18 44
1102 3 7 44
720 3 6 44
554 5 7 44
572 12 16 44
1319 13 16 44
2255 13 17 44
3114 9 15 44
5130 14 17 44
4345 15 17 44
3812 16 17 44
4509 16 16 44
1485 17 16 44
2101 17 15 44
1802 17 14 44
4772 16 14 44
3200 19 8 44
709 18 8 44
3382 18 9 44
5022 17 9 44
1808 18 5 44
1857 19 5 44
609 19 4 44
737 0 2 45
2274 7 6 45
4561 7 5 45
3512 6 5 45
852 9 18 45
4019 10 18 45
723 10 17 45
1115 9 6 45
3933 9 7 45
198 10 7 45
3029 11 7 45
4305 12 7 45
4312 12 6 45
801 11 9 45
783 12 9 45
400 13 9 45
2 4 19 46
891 5 19 46
3265 5 18 46
1732 5 17 46
3877 4 17 46
2749 3 17 46
3323 2 17 46
427 2 16 46
1587 1 16 46
3058 1 15 46
4272 1 14 46
722 2 14 46
4704 3 14 46
3329 4 14 46
2437 4 13 46
1339 0 0 46
3784 0 1 46
1766 2 3 46
3503 4 7 46
1735 3 3 46
1660 6 15 46
811 3 2 46
2316 7 15 46
3940 9 3 46
3667 10 0 46
3469 11 0 46
3005 11 1 46
4281 11 10 46
4002 12 10 46
1104 15 2 46
4437 15 3 46
1700 17 3 46
3569 17 13 47
2457 16 13 47
496 16 12 47
4364 16 11 47
1516 0 7 48
2056 1 7 48
2223 1 6 48
67 1 5 48
1537 2 5 48
4151 3 5 48
3796 3 6 48
3517 4 6 48
4492 8 13 48
5103 8 1 48
2845 8 12 48
1893 8 10 48
3499 8 11 48
5109 9 11 48
1317 10 12 48
1922 16 1 48
1683 10 11 48
4484 15 1 48
2082 10 5 48
673 12 3 48
1512 12 4 48
729 13 3 48
2785 11 8 48
792 12 8 48
1515 13 8 48
3553 15 10 48
1563 14 8 48
444 0 3 49
694 7 7 49
3734 0 2 49
1327 0 1 49
459 6 18 49
5133 1 1 49
1757 7 18 49
4722 2 1 49
93 3 1 49
4891 4 1 49
2828 9 17 49
960 4 2 49
2752 10 13 49
2935 13 0 49
750 13 1 49
3697 11 6 49
2171 13 12 49
4724 15 4 49
3391 4 15 50
2424 6 13 50
1021 4 14 50
4499 6 12 50
4601 5 12 50
4966 7 10 50
476 7 9 50
4840 7 8 50
1140 7 1 50
3447 12 13 50
3434 14 0 50
777 10 4 50
4211 12 12 50
3109 14 1 50
4688 13 2 50
1229 14 2 50
4830 14 12 50
3513 14 3 50
2939 6 14 51
2496 6 15 51
4295 7 15 51
5032 19 15 51
4129 18 15 51
2201 16 15 51
4085 13 7 51
3371 17 13 51
1962 19 3 51
3778 2 15 52
1249 1 11 52
3092 2 14 52
2897 1 12 52
1471 3 14 52
1090 1 9 52
4697 4 14 52
5043 2 12 52
2339 1 10 52
2208 4 13 52
3935 2 10 52
4409 3 10 52
942 5 8 52
2830 8 19 52
848 6 19 52
3708 6 18 52
349 8 18 52
3261 7 18 52
32 7 17 52
4670 7 16 52
1297 18 17 52
1698 17 17 52
571 10 1 52
3468 9 12 52
4811 16 4 52
3273 15 11 52
1708 15 4 52
2338 14 4 52
75 16 5 52
4161 19 18 53
2934 19 19 53
4324 8 14 53
2292 18 19 53
2499 8 15 53
775 17 19 53
4061 8 16 53
4009 16 19 53
3995 9 16 53
846 13 15 53
4369 10 16 53
2610 12 15 53
4304 11 16 53
3740 11 15 53
2160 12 0 53
4371 11 14 53
4946 12 1 53
1728 11 13 53
3592 12 2 53
3605 11 12 53
1445 17 2 53
2797 3 12 54
4835 10 10 54
2449 7 13 55
914 5 15 55
3288 6 13 55
784 4 15 55
4771 6 12 55
4058 4 14 55
3966 5 12 55
1650 19 16 55
829 18 16 55
1525 8 6 55
2754 14 15 55
2456 10 6 55
195 15 15 55
5092 16 15 55
2526 0 11 56
2632 1 11 56
1725 1 12 56
3567 4 10 56
3972 18 18 56
2146 17 18 56
1428 16 18 56
4148 16 17 56
2446 8 9 56
4266 9 13 56
4541 8 8 56
4927 8 7 56
4894 9 12 56
158 9 7 56
535 10 7 56
7 19 11 56
4401 17 11 56
2920 11 7 56
2261 12 7 56
2824 18 11 56
1523 12 6 56
2832 18 10 56
849 19 9 56
417 18 9 56
2341 17 9 56
3236 19 7 56
3678 18 7 56
5084 0 13 57
4298 1 13 57
3714 2 13 57
4072 3 13 57
1800 4 13 57
2944 4 12 57
2135 4 11 57
1829 5 11 57
4056 0 5 57
5115 5 10 57
4433 6 10 57
2478 10 19 57
1256 12 17 57
3807 13 17 57
2062 8 4 57
1000 7 3 57
4012 8 3 57
3486 8 5 57
4443 9 10 57
455 9 5 57
4911 9 11 57
4668 9 4 57
925 10 11 57
239 10 4 57
5052 14 7 57
3246 17 3 57
4160 4 8 58
2306 0 6 58
4983 13 18 58
2747 7 0 58
4048 6 0 58
1983 14 18 58
2837 14 17 58
1141 6 3 58
2480 6 1 58
2085 11 10 58
1901 15 13 58
2574 12 10 58
993 15 2 58
2394 15 3 58
4944 15 4 58
4168 14 4 58
3699 2 7 59
3597 1 7 59
995 1 6 59
4091 1 5 59
1577 2 5 59
3828 3 5 59
4204 3 6 59
3649 7 19 59
1923 4 6 59
3922 7 18 59
1860 7 17 59
2413 8 17 59
4674 4 3 59
1497 5 1 59
4935 8 16 59
4265 9 16 59
4779 14 16 59
4378 17 8 59
1144 13 6 59
3890 17 9 59
1963 0 9 60
4789 1 9 60
4563 1 10 60
4533 2 10 60
370 3 10 60
4514 9 19 60
27 6 4 60
4477 10 19 60
3012 10 18 60
3781 10 17 60
2202 10 16 60
3800 17 12 60
41 18 12 60
2010 10 0 60
2584 9 3 60
18 11 0 60
3337 18 13 60
703 11 1 60
4575 19 6 60
297 18 6 60
4606 3 11 61
789 15 19 61
863 7 4 61
3741 15 18 61
4184 7 3 61
2122 11 17 61
817 11 16 61
2304 10 14 61
5067 19 13 61
277 19 14 61
2768 9 8 61
631 9 7 61
3463 18 14 61
1951 16 8 61
4475 17 0 61
2313 18 0 61
1553 1 17 62
2513 1 16 62
3457 1 15 62
5018 2 15 62
877 11 18 62
1914 3 0 62
5106 12 18 62
1036 13 18 62
3081 19 5 62
2591 19 4 62
2885 3 4 63
4432 3 5 63
4246 3 6 63
2372 2 3 63
543 3 3 63
1874 3 2 63
980 19 10 63
4896 19 9 63
4039 2 11 64
546 0 0 64
3786 0 1 64
3980 9 15 64
1351 10 15 64
4876 9 0 64
4711 9 1 64
4043 11 15 64
4968 11 14 64
2227 19 8 64
3985 18 8 64
1536 18 9 64
896 15 5 64
1181 17 7 64
607 18 5 64
4457 19 2 64
1025 0 10 65
3743 1 10 65
950 2 10 65
1789 3 10 65
827 6 6 65
1764 4 5 65
1694 13 19 65
2323 13 18 65
3183 5 0 65
2512 12 16 65
12 4 2 65
410 13 16 65
1197 14 16 65
4783 14 11 65
706 15 10 65
162 3 7 66
1250 3 6 66
1548 4 6 66
1493 19 17 66
4327 19 18 66
3568 18 18 66
1275 17 18 66
2587 16 18 66
687 15 18 66
4632 17 10 66
242 17 9 66
4051 4 16 67
901 1 2 67
2694 1 1 67
1293 2 4 67
1127 2 1 67
5088 3 4 67
3415 4 4 67
82 4 0 67
3860 3 1 67
743 4 1 67
1590 5 1 67
3381 16 2 67
4290 16 3 67
1287 15 12 67
845 11 8 67
413 14 10 67
1188 12 8 67
3702 14 9 67
1092 17 1 67
2942 5 18 68
1538 5 17 68
90 4 17 68
871 2 18 68
568 3 17 68
4703 2 17 68
1928 3 8 68
934 4 8 68
1902 14 19 68
1667 14 18 68
4532 14 17 68
2489 8 0 68
3252 15 17 68
4739 9 0 68
3219 19 12 68
4633 9 9 68
1135 19 13 68
1806 9 1 68
4979 15 0 68
3049 19 14 68
2563 10 9 68
905 18 14 68
2421 10 8 68
821 14 0 68
4523 15 14 68
4860 13 3 68
3112 12 4 68
2474 13 4 68
2520 17 2 68
3869 11 9 69
2245 15 11 69
714 12 9 69
4123 17 6 69
159 6 17 70
4994 7 17 70
2068 8 17 70
2558 8 16 70
2125 9 16 70
4750 13 13 70
3368 9 15 70
4359 14 14 70
4120 13 14 70
1198 10 15 70
601 12 14 70
3903 12 0 70
2614 12 1 70
2960 12 2 70
548 10 6 70
897 12 3 70
273 10 5 70
214 16 4 70
3482 0 15 71
5111 1 3 71
1520 1 2 71
830 2 2 71
3821 2 1 71
4734 3 1 71
2361 4 1 71
1827 8 6 71
2536 14 15 71
1073 10 1 71
2623 15 15 71
3799 16 15 71
4241 17 3 71
2428 2 18 72
682 18 17 72
2073 17 17 72
2059 17 18 72
2486 16 18 72
2541 9 6 72
1761 10 12 72
4331 11 6 72
2864 19 7 72
3055 3 18 73
3876 0 12 73
4173 0 13 73
1152 3 15 73
1179 1 13 73
1631 2 13 73
3170 3 13 73
1402 2 9 73
838 2 10 73
4288 3 10 73
3654 19 16 73
4035 18 16 73
1251 19 11 73
2259 14 12 73
3376 15 2 73
145 18 11 73
4769 13 12 73
4471 18 10 73
759 17 11 73
3441 15 3 73
4473 17 10 73
1041 15 4 73
4609 17 9 73
495 5 19 74
2603 5 18 74
4276 5 17 74
3992 4 17 74
4618 3 17 74
3052 5 13 74
4519 3 9 74
4015 6 16 74
4853 14 13 74
2869 14 14 74
3793 13 14 74
3808 13 15 74
193 12 15 74
2729 10 13 74
4008 13 0 74
1695 12 12 74
575 13 1 74
3973 13 2 74
2854 0 18 75
447 1 18 75
3945 4 15 75
961 2 6 75
422 2 5 75
1986 1 0 75
2453 2 4 75
844 7 14 75
4233 3 4 75
4287 7 15 75
3620 8 18 75
1842 17 19 75
3175 4 4 75
371 16 19 75
1047 9 18 75
812 7 16 75
2406 16 18 75
1427 10 18 75
1405 10 17 75
232 15 18 75
2014 11 17 75
389 11 16 75
5096 8 10 75
4654 8 12 75
283 8 11 75
3425 16 0 75
600 16 1 75
3090 15 1 75
4004 14 1 75
1604 14 2 75
658 14 3 75
3595 14 4 75
2941 14 7 75
1286 3 19 76
2515 3 18 76
4962 2 18 76
910 0 17 76
2401 2 17 76
1122 0 16 76
1180 2 16 76
4403 1 16 76
2521 1 15 76
4666 6 13 76
4496 1 4 76
997 1 3 76
808 8 15 76
3507 7 1 76
2888 8 9 76
4257 9 13 76
2225 8 8 76
3635 9 12 76
3526 12 13 76
1070 8 7 76
1323 9 7 76
1549 10 7 76
760 10 3 76
1278 15 13 76
2756 16 14 76
4122 11 7 76
4399 12 7 76
4540 13 11 76
661 12 6 76
3454 19 6 76
3508 18 6 76
1733 18 7 76
4326 17 7 76
3913 19 3 76
1818 0 14 77
1644 1 14 77
917 2 14 77
523 7 12 77
387 3 14 77
4753 4 14 77
3222 6 12 77
5086 5 12 77
3546 7 8 77
2822 0 2 77
5051 1 2 77
4723 1 1 77
3688 9 17 77
2665 18 13 77
1386 9 10 77
2559 8 5 77
1736 18 14 77
3375 9 5 77
4525 9 4 77
178 10 4 77
2605 1 11 78
470 1 12 78
4065 1 13 78
3842 2 13 78
657 3 13 78
3003 12 19 78
918 6 5 78
4090 13 19 78
1248 14 19 78
4104 14 18 78
126 14 17 78
3907 15 17 78
3644 8 1 78
133 11 0 78
2967 11 1 78
3275 17 8 78
3279 17 9 78
4502 6 18 79
1050 4 3 79
4010 5 15 80
1164 4 15 80
610 7 11 80
2289 7 10 80
3268 6 10 80
3835 7 7 80
557 6 1 80
4459 8 13 80
1414 9 13 80
4977 9 12 80
1833 9 11 80
4664 10 11 80
4169 14 11 80
2166 11 10 80
2841 13 11 80
2215 15 10 80
1063 0 7 81
2198 0 4 81
2096 1 7 81
4596 1 6 81
1318 1 4 81
1583 2 6 81
3328 2 5 81
191 2 4 81
4939 2 0 81
3153 3 4 81
3648 4 4 81
56 8 4 81
50 8 3 81
1034 9 3 81
3017 19 1 81
2816 5 14 82
4624 7 5 82
3583 6 5 82
118 13 17 82
4349 4 2 82
3745 8 14 82
4215 9 16 82
2790 6 3 82
699 17 0 82
1742 0 11 83
825 1 11 83
390 1 12 83
1396 1 13 83
4135 1 8 83
231 2 13 83
2315 3 13 83
2789 1 9 83
1429 2 9 83
3690 2 10 83
1290 3 10 83
2366 7 9 83
1767 0 3 83
2002 1 3 83
3864 6 19 83
4291 1 2 83
2272 7 19 83
1762 1 1 83
689 7 18 83
2522 2 1 83
3387 8 18 83
2249 19 19 83
730 3 1 83
265 18 19 83
3836 4 1 83
4463 17 19 83
39 16 19 83
4338 16 18 83
373 16 17 83
4472 19 15 83
4951 18 15 83
1111 17 13 83
4491 11 5 83
218 12 5 83
4695 16 8 83
3036 17 2 83
2326 1 19 84
1182 4 18 84
1008 1 18 84
758 4 17 84
4368 2 18 84
3759 3 17 84
1091 2 17 84
4521 2 16 84
4333 4 9 84
3726 6 15 84
139 7 15 84
3532 7 16 84
3069 12 17 84
53 7 0 84
2280 5 0 84
4556 6 0 84
2788 12 16 84
1296 5 1 84
1541 6 1 84
2353 15 14 84
341 11 19 85
4630 12 19 85
2330 13 19 85
3308 13 18 85
4574 10 0 85
748 10 9 85
3372 11 0 85
3155 11 1 85
2750 15 5 85
1649 17 4 85
3374 19 2 85
2951 7 6 86
2099 7 5 86
2371 5 7 86
1440 6 5 86
996 8 19 86
921 4 5 86
147 8 18 86
4294 8 17 86
3363 8 16 86
3815 8 15 86
3192 9 15 86
1324 17 12 86
419 18 12 86
3076 9 1 86
2511 18 13 86
3919 15 0 86
1990 9 8 86
819 10 10 86
4866 14 0 86
3032 10 11 86
2131 13 0 86
531 11 11 86
4665 13 1 86
904 14 3 86
2467 6 11 87
257 6 10 87
2812 0 6 87
3955 5 8 87
4622 1 6 87
1494 10 16 87
183 10 15 87
850 19 13 87
2206 19 14 87
2659 10 13 87
5031 18 14 87
3400 16 4 87
707 18 8 87
2844 19 5 87
1776 19 4 87
1364 0 5 88
1336 1 5 88
4007 2 5 88
667 2 4 88
4937 3 4 88
5107 4 4 88
3037 10 5 88
2055 11 5 88
3542 19 10 88
4410 12 8 88
5079 14 9 88
106 19 3 88
3141 17 1 88
2492 3 16 89
2150 16 0 89
4959 9 9 89
414 16 1 89
2948 9 8 89
872 10 8 89
4814 15 1 89
5095 14 1 89
136 14 2 89
154 15 13 89
4600 13 2 89
814 19 8 89
2153 19 9 89
4451 13 3 89
1908 13 7 89
857 14 10 89
2550 18 9 89
252 19 6 89
363 18 6 89
1139 14 7 89
1517 17 3 89
4115 4 19 90
526 0 19 90
2666 4 18 90
2862 1 19 90
586 2 19 90
412 2 18 90
2111 1 10 90
3756 2 10 90
4052 3 10 90
3611 0 0 90
4950 11 18 90
2300 3 0 90
2384 12 18 90
2266 13 18 90
1955 14 13 90
3974 10 19 90
1057 14 14 90
1722 13 17 90
3856 10 18 90
4529 13 14 90
1105 13 16 90
555 14 16 90
4726 13 15 90
1358 15 16 90
1129 12 15 90
3679 10 14 90
172 12 13 90
4482 8 5 90
1403 9 5 90
1953 10 6 90
2088 9 4 90
3054 10 3 90
2691 10 4 90
2931 12 3 90
2930 18 10 90
3673 19 7 90
4735 18 7 90
2606 17 7 90
4861 17 6 90
5000 5 16 91
4736 5 17 91
2681 4 17 91
3906 3 17 91
919 2 17 91
1754 2 16 91
3346 1 16 91
4793 1 15 91
3788 1 14 91
180 2 14 91
807 5 11 91
785 7 8 91
1891 0 2 91
4829 0 1 91
1333 9 17 91
1600 9 14 91
1134 7 4 91
1824 7 3 91
4607 19 12 91
4190 9 10 91
1416 19 13 91
3283 19 14 91
3538 18 14 91
1624 11 6 91
3662 11 8 91
2221 11 9 91
2058 15 11 91
2912 12 9 91
3340 19 17 92
1573 19 18 92
2533 18 18 92
963 8 10 92
3106 8 12 92
4706 8 11 92
2237 8 9 92
3169 8 8 92
2117 8 7 92
4504 10 1 92
112 14 12 92
5102 13 12 92
3194 17 13 92
169 15 2 92
248 15 3 92
676 13 4 92
4408 13 6 92
3601 15 4 92
4708 14 4 92
2200 16 8 92
4973 17 2 92
2379 2 12 93
2436 3 12 93
2987 2 3 93
4067 3 3 93
2218 3 2 93
3557 19 19 93
3888 18 19 93
2913 15 19 93
2573 17 19 93
1267 16 19 93
3942 19 15 93
1724 18 15 93
3223 19 11 93
3360 18 11 93
3843 17 11 93
3543 17 10 93
3276 17 9 93
4325 15 10 93
2387 0 16 94
228 6 13 94
2979 2 11 94
4037 1 3 94
2089 6 19 94
307 1 2 94
279 7 19 94
3235 7 18 94
956 9 19 94
4334 6 4 94
1380 8 18 94
4604 10 19 94
578 8 17 94
3117 10 18 94
1253 17 18 94
4279 11 17 94
3509 7 1 94
947 8 0 94
1434 9 0 94
592 11 16 94
2189 12 14 94
3683 12 0 94
464 8 6 94
326 9 1 94
591 12 1 94
3184 14 15 94
1531 9 6 94
4370 15 15 94
1826 12 2 94
472 16 15 94
3020 11 10 94
1154 4 8 95
1942 3 8 95
230 3 11 95
