732700
2076
2094 0 11 1
375 1 11 1
3206 0 0 1
785 0 10 1
1883 0 12 1
1923 0 1 1
2849 1 12 1
3514 1 10 1
2670 2 11 1
2809 1 0 1
697 0 19 1
2496 3 10 1
3477 0 13 1
3040 0 9 1
2295 0 14 1
1662 1 19 1
620 2 0 1
2924 1 13 1
3395 0 2 1
292 1 9 1
2199 2 10 1
2499 6 12 1
173 2 12 1
1352 1 1 1
2157 0 18 1
3405 3 9 1
2271 0 8 1
779 3 11 1
436 6 13 1
3327 2 19 1
2322 2 13 1
508 3 8 1
1475 4 7 1
3531 3 12 1
2829 5 12 1
3258 3 0 1
378 2 9 1
555 2 1 1
481 1 18 1
2281 1 2 1
1969 0 17 1
2474 0 15 1
3338 0 7 1
1747 1 8 1
291 1 14 1
2325 0 3 1
381 0 6 1
406 4 6 1
2555 4 0 1
681 3 19 1
2413 4 12 1
1464 6 14 1
3077 3 13 1
3545 0 4 1
1206 0 16 1
2437 5 13 1
2709 1 17 1
2521 3 7 1
1668 1 3 1
3498 3 1 1
677 2 18 1
2232 2 8 1
2745 2 14 1
2995 1 7 1
2574 2 2 1
1973 1 15 1
2580 1 4 1
1246 4 13 1
3612 4 19 1
2608 5 0 1
1791 6 15 1
669 2 3 1
1553 4 1 1
438 2 7 1
21 3 18 1
1549 0 5 1
2595 3 14 1
2161 1 6 1
1348 1 16 1
1948 2 15 1
2469 5 14 1
1583 2 17 1
46 3 6 1
2328 3 2 1
787 5 15 1
123 5 1 1
1446 5 19 1
612 4 18 1
1780 4 14 1
2551 6 0 1
2566 2 4 1
809 2 16 1
88 1 5 1
371 3 3 1
3239 3 15 1
2884 3 17 1
1117 4 2 1
982 2 6 1
3290 11 19 1
3536 6 1 1
690 3 16 1
2899 4 3 1
1194 3 4 1
3271 6 19 1
2058 7 0 1
43 5 2 1
1505 11 18 1
765 2 5 1
3097 4 17 1
2055 5 18 1
1252 4 15 1
2770 10 19 1
216 6 2 1
1047 19 19 1
309 9 19 1
2664 6 18 1
1743 7 1 1
679 7 19 1
1700 8 0 1
1775 11 17 1
2858 10 18 1
8 5 17 1
92 3 5 1
2339 4 4 1
3120 5 3 1
3289 4 16 1
3577 5 4 1
160 5 16 1
1581 7 2 1
2386 7 18 1
2091 8 1 1
2626 8 19 1
3497 9 18 1
1040 10 17 1
3126 11 16 1
2476 4 5 1
1689 18 19 1
3568 19 18 1
897 6 3 1
1328 6 17 1
1580 8 2 1
1057 7 17 1
1081 8 18 1
2135 9 17 1
641 10 16 1
900 17 19 1
2683 18 18 1
3616 19 17 1
1361 6 4 1
2653 7 3 1
2535 6 16 1
1000 5 5 1
949 6 5 1
565 19 16 1
1577 18 17 1
2154 17 18 1
17 16 19 1
2766 9 16 1
661 8 17 1
1138 8 3 1
317 5 6 1
1797 7 16 1
2171 7 4 1
2503 16 18 1
2375 18 16 1
1234 6 6 1
3593 8 16 1
2565 17 17 1
1176 19 15 1
3447 15 19 1
2732 7 5 1
464 5 7 1
2982 7 15 1
2001 8 4 1
3502 4 8 1
1266 4 11 1
2096 15 18 1
2908 17 16 1
329 7 14 1
105 14 19 1
1935 18 15 1
1841 9 4 1
1346 16 17 1
1513 8 5 1
2223 4 9 1
1953 5 8 1
3606 8 15 1
3479 6 7 1
1834 12 19 1
3287 7 6 1
2813 19 14 1
2029 15 17 1
2460 17 15 1
1316 6 8 1
259 4 10 1
2065 10 4 1
1243 14 18 1
940 7 13 1
345 13 19 1
686 12 18 1
1420 5 11 1
2885 9 15 1
3386 5 9 1
3166 8 6 1
2596 19 13 1
663 8 14 1
3362 18 14 1
3501 9 5 1
441 16 16 1
2836 7 7 1
2253 13 18 1
631 19 12 1
417 19 10 1
1526 12 17 1
2568 7 8 1
2660 14 17 1
1904 18 13 1
3013 15 16 1
1148 5 10 1
868 17 14 1
1451 7 12 1
2243 16 15 1
758 8 7 1
1634 9 6 1
16 10 15 1
2842 10 5 1
2988 8 13 1
2361 6 11 1
3528 6 9 1
2923 9 14 1
1564 18 12 1
2415 10 14 1
361 18 10 1
268 7 11 1
1372 12 16 1
3340 17 13 1
258 9 13 1
2284 6 10 1
1002 16 14 1
2406 13 17 1
844 10 6 1
600 15 15 1
2330 14 16 1
1341 9 7 1
1514 7 9 1
2217 8 12 1
2332 19 11 1
2151 8 8 1
1810 11 15 1
1633 15 14 1
1357 8 9 1
1169 8 11 1
3063 13 16 1
1798 16 13 1
746 10 7 1
1924 11 14 1
2576 17 10 1
2368 17 12 1
295 10 13 1
3524 18 11 1
2131 12 15 1
848 14 15 1
1854 7 10 1
2300 9 8 1
850 9 12 1
1273 10 12 1
707 8 10 1
1371 15 13 1
3388 13 15 1
1187 9 9 1
393 16 10 1
1595 16 12 1
2875 14 14 1
267 9 11 1
2337 10 8 1
3499 11 13 1
1547 12 14 1
3183 17 11 1
265 15 10 1
2307 15 12 1
1137 10 9 1
1141 14 13 1
3540 10 11 1
1390 13 14 1
1865 16 11 1
2921 11 12 1
1347 9 0 1
1296 12 13 1
3555 9 10 1
816 10 0 1
1976 15 11 1
930 9 1 1
1684 13 13 1
2391 14 12 1
2294 10 10 1
3174 12 12 1
853 11 11 1
2090 14 11 1
2299 13 12 1
822 10 1 1
2195 12 11 1
3491 9 2 1
813 11 0 1
805 11 10 1
895 12 0 1
788 9 3 1
1627 13 11 1
1229 14 10 1
6 10 2 1
125 12 10 1
906 11 9 1
3170 11 1 1
3199 11 8 1
1070 13 10 1
1598 10 3 1
198 14 9 1
621 13 0 1
2543 11 2 1
2490 12 9 1
1794 12 1 1
2573 11 7 1
277 13 1 1
2962 12 8 1
143 13 9 1
223 12 2 1
2422 11 3 1
1181 14 8 1
1172 12 7 1
3297 13 2 1
3554 12 3 1
974 13 8 1
2215 11 6 1
352 11 4 1
3240 19 9 1
3118 13 3 1
387 11 5 1
1618 12 4 1
2948 12 6 1
1667 13 7 1
3355 15 9 1
3088 13 4 1
239 18 9 1
3219 19 8 1
3334 13 6 1
1489 12 5 1
2971 15 8 1
3594 16 9 1
981 14 7 1
266 18 8 1
3437 15 7 1
2861 16 8 1
3512 17 9 1
3176 19 7 1
3164 13 5 1
886 14 6 1
1615 15 6 1
3277 19 6 1
3158 14 5 1
422 18 7 1
146 16 7 1
1259 17 8 1
700 16 6 1
2238 19 5 1
2470 15 5 1
2039 18 6 1
3011 17 7 1
3042 19 4 1
2059 18 5 1
1162 16 5 1
1907 17 6 1
2117 19 3 1
712 17 5 1
1607 18 4 1
2425 17 4 1
3457 18 3 1
3331 19 2 1
1934 17 3 1
1230 16 4 1
2863 14 4 1
881 18 2 1
1695 19 1 1
1233 17 2 1
2900 16 3 1
1742 19 0 1
355 15 4 1
958 14 3 1
1305 18 1 1
2531 18 0 1
802 15 3 1
141 17 1 1
2966 16 2 1
1680 14 2 1
2592 15 2 1
135 17 0 1
3002 16 1 1
3622 14 1 1
1989 16 0 1
2749 14 0 1
1597 15 1 1
2854 15 0 1
3414 14 0 5
176 14 1 6
861 15 1 6
1694 14 3 7
2702 14 2 7
3329 18 1 7
1267 19 0 7
429 17 1 7
2817 18 0 7
2082 17 0 7
1041 19 3 8
1079 19 1 8
95 18 4 8
260 14 4 8
1839 19 2 8
2026 15 4 8
3163 18 3 8
3471 15 3 8
89 18 2 8
1188 16 4 8
2194 17 2 8
651 15 2 8
2710 19 4 9
736 18 7 9
1053 16 7 9
3054 15 5 9
2025 19 5 9
1471 16 5 9
3480 18 5 9
1104 13 5 10
2162 14 5 10
2202 14 7 10
2414 16 9 10
2557 19 7 10
845 18 8 10
1277 16 8 10
3424 19 6 10
1735 18 6 10
3470 13 2 11
3284 12 2 11
98 13 3 11
1062 11 4 11
2201 13 4 11
1221 14 8 11
2412 13 9 11
2726 12 8 11
1003 11 5 11
1173 12 7 11
2421 19 8 11
2708 13 8 11
905 15 9 11
3559 19 9 11
7 13 7 11
3613 15 8 11
244 18 9 11
2428 15 7 11
780 17 9 11
1164 17 8 11
280 17 7 11
1166 14 9 12
2 13 12 12
605 13 0 12
3153 14 10 12
517 13 1 12
3056 12 0 12
148 9 2 12
2034 10 1 12
3341 13 10 12
649 11 10 12
3292 12 1 12
2184 9 3 12
275 10 2 12
1784 10 3 12
1125 13 14 13
3348 13 13 13
2893 9 10 13
1282 15 12 13
2993 15 10 13
2883 9 1 13
914 12 14 13
902 9 0 13
582 12 13 13
750 10 0 13
1142 12 12 13
1763 11 0 13
2006 11 1 13
2528 11 2 13
3582 11 3 13
2115 12 15 14
2716 10 7 14
235 17 10 14
3001 17 12 14
1406 9 8 14
84 7 10 14
2827 8 10 14
516 16 12 14
713 16 10 14
1670 9 9 14
3111 10 8 14
2700 10 13 14
1307 9 12 14
2598 10 9 14
1588 10 10 14
1285 10 12 14
1652 11 4 14
2839 10 5 15
1392 10 6 15
1975 12 16 15
415 18 10 15
351 18 12 15
402 17 13 15
1449 15 15 15
2516 13 15 15
2298 16 13 15
1540 10 15 15
987 15 13 15
945 11 15 15
2316 13 2 15
1897 12 2 15
557 13 3 15
1835 12 3 15
1262 12 4 15
3321 12 5 15
1473 7 7 16
3418 12 17 16
703 7 12 16
3252 18 13 16
1055 7 8 16
2207 8 12 16
318 16 16 16
63 13 16 16
3283 15 16 16
1745 16 15 16
1251 19 12 16
2044 19 10 16
2038 19 11 16
2524 18 11 16
2485 17 11 16
3128 16 11 16
2165 15 11 16
3519 10 4 17
1531 10 5 17
2442 9 5 17
3575 9 6 17
3223 7 6 17
3478 9 7 17
1236 12 19 17
1818 19 13 17
2225 13 19 17
128 12 18 17
2736 19 14 17
2622 13 18 17
3569 6 7 17
3373 7 13 17
2054 13 17 17
827 5 9 17
2998 14 18 17
3272 17 15 17
1880 4 10 17
3074 8 15 17
2088 5 10 17
846 8 13 17
792 9 15 17
2548 9 13 17
3366 16 9 17
1049 14 7 17
1155 14 5 17
1602 16 8 17
1222 19 7 17
738 18 8 17
1723 19 6 17
3092 17 8 17
2520 17 7 17
1399 18 6 17
2645 9 4 18
550 7 5 18
3203 4 9 18
2634 17 16 18
49 14 19 18
2211 19 15 18
627 4 8 18
3113 17 17 18
1529 15 19 18
1941 5 7 18
1572 18 15 18
2725 5 8 18
935 16 17 18
3430 18 14 18
2467 6 8 18
2290 4 11 18
875 17 14 18
2144 5 11 18
855 16 14 18
350 15 14 18
3583 13 5 18
2110 5 6 19
2089 6 6 19
397 7 3 19
1196 19 16 19
1218 19 17 19
747 18 16 19
324 18 17 19
202 17 19 19
2663 9 16 19
2244 16 19 19
1456 6 16 19
2257 17 6 19
1699 11 16 20
251 10 16 20
2247 18 19 20
1871 9 18 20
1034 8 16 20
207 11 10 20
2213 9 3 20
887 12 1 20
74 12 2 20
325 4 4 21
2057 5 4 21
302 8 0 21
1617 5 3 21
408 6 3 21
2263 8 1 21
2795 11 17 21
3372 10 18 21
1523 19 19 21
2563 10 17 21
1226 19 18 21
2403 7 19 21
2043 18 18 21
2810 9 17 21
1516 7 18 21
2785 17 18 21
157 16 18 21
1373 15 18 21
2987 15 17 21
323 14 17 21
2128 14 16 21
3507 14 15 21
1391 14 14 21
1788 14 13 21
151 14 12 21
1688 13 10 21
2945 16 7 21
79 19 4 21
68 19 5 21
2086 16 6 21
1640 4 3 22
3250 4 2 22
1289 7 0 22
1304 5 2 22
1548 7 1 22
469 11 18 22
2589 11 19 22
580 10 19 22
101 9 19 22
1068 6 19 22
2212 8 19 22
2216 5 16 22
796 6 18 22
2004 8 18 22
2251 8 17 22
2922 10 1 22
768 15 3 22
2075 17 3 22
2205 15 2 22
3211 2 4 23
3179 6 0 23
3121 3 15 23
1815 9 2 23
1836 13 0 23
908 10 2 23
1337 12 0 23
3584 13 1 23
689 10 3 23
445 12 1 23
2108 11 3 23
2311 11 4 23
304 18 3 23
1448 1 6 24
2734 3 6 24
1728 2 15 24
3278 5 14 24
2886 2 17 24
248 4 18 24
2530 14 9 24
3019 9 12 24
401 14 10 24
2450 10 12 24
3089 13 12 24
512 18 8 24
3083 19 6 24
2111 14 4 24
284 19 1 24
3336 18 4 24
2326 15 4 24
3506 0 5 25
168 2 3 25
2323 4 1 25
2153 19 10 25
3515 13 3 25
824 16 8 25
1944 19 7 25
1666 15 6 25
2597 19 3 25
1727 19 2 25
1280 18 2 25
340 17 2 25
2549 1 7 26
2820 2 2 26
3592 3 1 26
2394 2 8 26
154 3 2 26
3012 2 14 26
1331 2 18 26
2980 4 19 26
3117 5 19 26
1764 5 18 26
2738 19 12 26
120 19 11 26
1622 9 15 26
891 7 9 26
1435 18 11 26
448 17 11 26
985 11 15 26
1610 9 13 26
236 10 8 26
2366 10 13 26
2684 13 2 26
215 16 9 26
2892 19 0 26
2973 17 1 26
691 3 7 27
1077 0 16 27
673 5 13 27
2329 5 10 27
2313 16 15 27
1702 8 13 27
955 10 15 27
3345 15 13 27
2603 16 10 27
2343 16 12 27
447 16 11 27
206 15 11 27
440 12 12 27
3123 0 4 28
2399 6 14 28
221 3 13 28
969 6 15 28
997 3 19 28
2482 5 15 28
144 3 18 28
1773 13 16 28
1461 8 15 28
3505 12 13 28
2053 13 6 28
1271 18 1 28
858 18 0 28
2384 17 0 28
1578 0 6 29
1350 0 3 29
2046 1 8 29
60 0 7 29
1647 1 7 29
183 1 14 29
463 0 15 29
1719 4 0 29
2310 1 15 29
3251 5 0 29
2753 1 16 29
1163 5 1 29
2408 2 16 29
1599 6 1 29
1159 3 16 29
1189 6 2 29
2318 7 2 29
22 8 2 29
3100 8 3 29
1985 17 15 29
3600 4 10 29
2586 4 11 29
3188 16 13 29
531 5 11 29
729 8 10 29
3310 19 8 29
726 15 9 29
3580 19 9 29
1417 12 7 29
147 18 9 29
3193 13 8 29
3248 15 8 29
2569 15 7 29
857 12 6 29
563 17 9 29
489 13 7 29
1765 17 8 29
1875 14 7 29
613 14 6 29
2168 17 7 29
594 18 7 29
2235 18 6 29
3286 1 2 30
1753 2 1 30
519 1 3 30
2602 1 4 30
2276 1 5 30
1956 0 17 30
2498 1 18 30
3022 1 17 30
530 2 17 30
1901 3 17 30
3210 5 8 30
3055 16 17 30
2939 14 18 30
2705 16 16 30
2956 7 13 30
3162 5 9 30
2228 15 16 30
939 13 15 30
3212 12 14 30
1269 9 1 30
3436 9 0 30
597 10 0 30
1712 11 0 30
2036 14 3 30
1370 14 2 30
129 15 2 30
3243 2 9 31
2027 3 0 31
1537 3 1 31
1964 5 12 31
1902 3 2 31
1238 4 12 31
3085 3 3 31
876 4 13 31
1036 18 15 31
2600 8 12 31
2303 17 13 31
1998 8 13 31
1419 15 15 31
1717 6 11 31
327 15 10 31
213 19 4 31
2052 16 7 31
936 16 6 31
2173 19 5 31
874 16 0 31
2230 4 7 32
312 4 6 32
1124 3 6 32
2124 5 7 32
815 6 7 32
909 7 8 32
103 18 12 32
2860 18 11 32
2160 9 8 32
1543 11 9 32
2193 16 4 32
1421 15 3 32
2762 2 13 33
1260 2 19 33
1838 3 19 33
3087 3 18 33
2106 17 17 33
2200 15 19 33
840 15 18 33
3482 12 16 33
66 13 16 33
1264 18 10 33
1541 17 10 33
1561 17 12 33
2579 17 11 33
3093 16 11 33
2641 15 12 33
227 15 11 33
1364 13 10 33
1323 10 1 33
2977 11 1 33
2843 11 2 33
2649 12 2 33
2662 12 3 33
411 12 4 33
1368 18 6 33
3154 18 5 33
2264 14 1 33
1552 0 8 34
3065 0 7 34
1335 1 7 34
316 3 11 34
1122 8 18 34
174 6 16 34
1103 12 18 34
3098 4 8 34
379 19 14 34
1862 5 8 34
3397 6 8 34
506 6 9 34
1972 6 10 34
3220 7 10 34
3238 7 11 34
1488 8 11 34
3224 9 11 34
3288 1 1 35
2133 3 9 35
1387 3 8 35
153 2 1 35
2344 3 1 35
3215 2 12 35
1987 3 12 35
1692 0 18 35
1225 9 16 35
3527 5 16 35
2064 9 17 35
2170 6 18 35
2540 16 19 35
1713 8 17 35
657 13 19 35
55 13 18 35
2697 13 17 35
2107 18 7 35
1819 14 0 35
2359 2 10 36
1474 6 12 36
1095 6 13 36
1806 6 14 36
1979 6 15 36
51 5 15 36
278 17 19 36
2832 17 18 36
1672 19 13 36
1848 16 18 36
586 18 13 36
2693 18 14 36
2933 17 14 36
3122 16 14 36
2462 15 14 36
2113 18 4 36
3454 19 1 36
462 18 1 36
3407 15 1 36
1722 10 9 37
1696 13 9 37
972 9 3 37
882 10 3 37
1146 11 3 37
3532 15 8 37
1832 15 7 37
455 11 5 37
3148 13 7 37
2011 14 7 37
2477 18 8 37
3473 14 6 37
527 19 6 37
924 18 6 37
2446 14 4 37
336 15 4 37
3221 15 3 37
1213 0 2 38
2691 1 2 38
3428 1 1 38
1496 18 16 38
1741 10 11 38
1046 13 12 38
1567 11 8 38
85 11 7 38
505 11 6 38
1022 0 14 39
2838 0 13 39
2513 0 9 39
901 1 9 39
1487 1 13 39
3446 9 18 39
2341 8 16 39
596 13 13 39
2926 10 12 39
333 9 9 39
2143 14 8 39
1360 13 8 39
3598 19 8 39
276 19 9 39
574 15 9 39
755 18 9 39
3308 16 9 39
121 17 9 39
335 17 8 39
938 17 7 39
3140 17 6 39
777 18 3 39
2419 19 0 39
3249 17 1 39
859 18 0 39
3141 17 0 39
1554 3 10 40
3556 2 10 40
3102 0 19 40
3267 2 9 40
1959 1 19 40
1073 1 18 40
650 1 17 40
2992 2 17 40
1970 3 17 40
942 19 16 40
3581 19 17 40
2949 10 6 40
521 9 6 40
3302 14 10 40
1649 13 2 40
1872 1 0 41
806 2 0 41
1867 2 1 41
3448 3 1 41
1855 3 2 41
1504 3 3 41
552 3 4 41
1147 19 18 41
3624 19 15 41
564 7 12 41
587 19 14 41
3129 4 10 41
1 8 12 41
2101 18 14 41
2768 8 13 41
2754 16 13 41
1730 4 11 41
3602 5 11 41
2181 6 11 41
1465 10 13 41
2624 2 11 42
1339 2 12 42
2060 2 13 42
1641 3 13 42
3452 3 14 42
3391 11 19 42
3294 4 14 42
2868 10 19 42
369 4 15 42
287 4 16 42
1983 10 16 42
3529 18 19 42
2581 10 17 42
255 6 19 42
3433 9 17 42
498 18 18 42
3605 14 19 42
1947 12 19 42
847 18 17 42
306 13 19 42
3136 13 18 42
132 12 17 42
889 17 15 42
3517 13 17 42
1258 17 14 42
1004 16 14 42
331 15 14 42
1740 10 8 42
1781 10 9 42
869 11 4 42
561 14 3 42
2646 1 10 43
1619 2 10 43
2570 2 9 43
2254 2 8 43
2068 2 7 43
428 2 6 43
2023 2 5 43
3279 3 5 43
1327 4 5 43
389 5 5 43
2729 6 5 43
2137 6 4 43
3165 7 4 43
2367 13 4 43
1604 7 7 44
2642 7 8 44
2703 6 8 44
1113 7 6 44
3318 10 7 44
2226 9 7 44
1664 11 15 44
1080 13 1 44
1311 12 1 44
3472 11 18 45
413 11 19 45
1967 10 19 45
3260 9 19 45
1306 8 19 45
2275 7 19 45
1600 6 2 45
1018 17 16 45
3562 7 18 45
1648 15 16 45
1873 6 10 45
2834 6 11 45
1726 12 14 45
1631 7 11 45
421 8 11 45
1441 9 1 45
2707 9 0 45
617 10 0 45
1965 14 1 45
217 14 2 45
2112 16 3 45
3558 15 2 45
471 9 5 46
604 9 12 46
2429 9 13 46
786 15 10 46
1820 12 0 46
136 11 0 46
1378 10 2 46
1792 19 4 46
2315 19 5 46
1064 16 4 46
1644 16 16 47
1582 7 13 47
3052 9 15 47
2637 15 15 47
1286 14 9 47
579 14 10 47
3060 11 11 47
3561 15 6 47
693 17 6 47
2974 19 3 47
583 19 2 47
237 18 2 47
470 11 16 48
2717 10 16 48
1177 17 13 48
1789 14 18 48
3236 4 9 48
1522 12 15 48
2346 13 15 48
2789 5 9 48
1911 9 11 48
1697 10 1 48
2772 13 10 48
2172 11 1 48
200 11 2 48
913 12 2 48
3513 19 7 48
1470 16 8 48
872 16 7 48
341 19 6 48
2587 16 6 48
2673 5 0 49
3017 19 19 49
298 10 18 49
3370 18 19 49
1023 18 18 49
829 6 6 49
3114 18 17 49
15 7 3 49
687 17 17 49
2610 16 17 49
301 19 12 49
1424 19 11 49
1431 18 11 49
2918 15 12 49
140 13 3 49
1657 15 3 49
2448 0 1 50
193 1 1 50
2220 2 1 50
1943 4 18 50
2148 7 0 50
2640 13 14 50
432 9 8 50
131 11 9 50
80 17 7 50
1646 18 3 50
2189 18 1 50
1663 17 1 50
2934 15 1 50
2545 14 0 50
1625 0 12 51
2439 1 12 51
774 2 12 51
404 2 13 51
1557 3 13 51
2840 0 17 51
575 3 14 51
1992 1 17 51
2771 2 17 51
3275 3 17 51
2129 11 17 51
457 10 17 51
1114 9 17 51
218 8 17 51
2541 18 15 51
1683 10 5 51
163 17 15 51
817 9 5 51
1389 6 7 51
1447 18 12 51
1681 17 12 51
3025 17 11 51
3402 13 6 51
835 19 1 51
3133 19 0 51
116 18 0 51
1571 17 0 51
1736 5 14 52
3416 4 13 52
1263 4 14 52
2302 4 15 52
3300 6 18 52
2950 16 19 52
2179 5 6 52
485 16 18 52
3563 7 4 52
558 4 8 52
684 11 14 52
1752 13 0 52
3609 12 13 52
289 12 0 52
2925 9 2 52
1393 11 0 52
2472 10 2 52
3073 11 1 52
2695 11 2 52
1573 11 7 52
2221 12 2 52
2831 11 6 52
2769 18 4 52
1228 0 10 53
1922 1 10 53
2623 2 10 53
599 4 3 53
3254 2 9 53
3335 4 2 53
1086 1 4 53
2473 1 5 53
1108 8 1 53
2280 19 13 53
444 12 18 53
290 6 16 53
228 12 17 53
2803 18 13 53
513 17 13 53
3626 12 16 53
3075 16 13 53
3387 13 16 53
2529 8 15 53
2639 8 13 53
1912 19 10 53
1509 4 11 53
3322 5 11 53
2913 18 10 53
833 17 10 53
442 6 11 53
2578 7 11 53
1060 16 10 53
2178 7 10 53
3426 16 11 53
525 15 11 53
1490 11 8 53
3104 15 9 53
2887 16 9 53
1284 13 7 53
1109 17 9 53
2511 17 8 53
2585 14 3 53
1197 14 4 53
170 15 4 53
3061 16 4 53
30 1 2 54
2890 0 15 54
989 1 1 54
1654 1 16 54
727 2 1 54
2828 4 0 54
1016 3 1 54
1466 2 16 54
1013 3 2 54
1811 4 1 54
158 5 1 54
514 6 1 54
630 5 16 54
3409 18 16 54
2242 7 1 54
1409 18 17 54
1087 5 7 54
2872 5 8 54
1586 6 8 54
2629 6 9 54
3018 15 13 54
966 7 9 54
1208 10 11 54
2204 13 12 54
754 19 9 54
1703 11 5 54
716 18 9 54
2518 1 14 55
539 1 15 55
537 2 15 55
1395 2 3 55
2296 4 16 55
300 18 14 55
2355 17 14 55
1535 16 14 55
2327 15 14 55
572 19 8 55
1896 18 8 55
2308 18 7 55
722 18 6 55
1720 18 5 55
837 1 8 56
1519 4 6 56
2698 2 8 56
1241 3 6 56
3601 4 19 56
890 5 19 56
3456 5 18 56
3542 17 19 56
3534 8 18 56
860 17 18 56
1731 10 15 56
377 11 4 56
1430 3 11 57
3319 2 11 57
592 2 12 57
2674 2 13 57
3411 0 18 57
468 3 13 57
2489 0 17 57
1558 1 17 57
1884 1 7 57
803 0 5 57
337 2 7 57
3557 2 6 57
851 1 5 57
601 2 5 57
112 9 16 57
2352 5 3 57
2267 9 17 57
2704 6 3 57
2278 15 19 57
1052 6 4 57
1404 15 18 57
2845 10 8 57
3245 11 13 57
1777 9 9 57
3443 10 9 57
3314 14 8 57
1215 13 2 57
2409 13 8 57
2601 15 8 57
1909 15 7 57
2721 14 7 57
480 14 6 57
2996 5 12 58
1330 4 12 58
1643 6 15 58
1603 4 13 58
547 4 14 58
2787 2 18 58
2085 2 17 58
665 6 0 58
3324 6 1 58
744 7 1 58
1209 7 2 58
2609 14 1 58
3050 14 2 58
3295 16 3 58
3415 15 2 58
1939 3 0 59
611 1 3 59
115 2 3 59
1182 19 16 59
1216 19 17 59
3445 18 17 59
907 17 17 59
2636 16 17 59
3266 10 6 59
2927 15 17 59
782 9 6 59
1006 13 13 59
1027 12 2 59
2938 10 4 60
1028 8 16 60
57 9 4 60
2526 4 10 60
2620 4 11 60
1460 5 11 60
3383 6 11 60
2187 6 10 60
2914 7 11 60
2906 7 10 60
238 8 11 60
2272 12 14 60
297 9 1 60
2224 9 0 60
2206 12 13 60
1485 10 0 60
1869 11 0 60
2728 1 13 61
2255 6 14 61
2784 6 15 61
946 5 15 61
1782 4 15 61
2030 9 18 61
2615 9 17 61
2454 8 0 61
1299 8 17 61
3032 8 1 61
3201 7 12 61
2461 8 12 61
2321 8 13 61
3560 16 15 61
917 15 16 61
86 10 3 61
2750 19 7 61
3504 19 6 61
3233 18 6 61
1510 18 5 61
760 0 0 62
1410 0 1 62
781 3 10 62
197 0 19 62
2767 1 19 62
1937 1 1 62
683 2 10 62
1770 1 18 62
137 2 1 62
737 2 9 62
412 0 3 62
37 3 1 62
577 2 18 62
2983 2 8 62
407 1 3 62
1823 3 18 62
1542 2 3 62
1635 3 2 62
1950 2 7 62
1075 3 3 62
257 3 4 62
424 12 19 62
790 13 19 62
38 19 15 62
2514 19 14 62
1679 18 14 62
3030 17 14 62
2449 16 14 62
2825 15 14 62
2654 13 10 62
2210 10 1 62
1905 14 4 62
117 0 11 63
1708 1 11 63
3161 2 11 63
1294 1 6 63
3068 9 11 63
3208 13 1 63
2317 12 1 63
2527 11 1 63
2638 11 2 63
1088 13 3 63
3547 13 7 63
1428 11 3 63
970 11 5 63
27 14 3 63
2182 15 3 63
2209 17 6 63
2282 15 4 63
356 16 4 63
762 19 3 63
233 19 2 63
1724 18 2 63
1636 5 13 64
2122 4 13 64
3265 4 14 64
1112 2 4 64
420 6 2 64
1363 7 9 64
705 15 12 64
1785 10 11 64
818 13 12 64
3533 19 9 64
303 18 9 64
87 17 9 64
482 17 8 64
2686 3 12 65
3234 2 12 65
1388 2 13 65
2572 2 14 65
2381 3 9 65
270 3 8 65
3181 3 14 65
465 14 19 65
2959 13 19 65
14 8 2 65
2915 13 18 65
1879 19 12 65
1292 5 7 65
2696 19 11 65
515 13 17 65
771 18 11 65
637 5 8 65
956 6 8 65
2599 6 9 65
732 11 7 65
1963 11 6 65
1555 15 6 65
2333 18 4 65
3037 0 16 66
1232 1 16 66
1042 1 15 66
102 2 15 66
96 0 7 66
28 1 7 66
1739 3 15 66
724 3 16 66
2611 5 16 66
2818 18 16 66
2584 5 4 66
3384 17 16 66
2087 19 10 66
1211 18 10 66
1066 17 10 66
461 16 10 66
831 12 12 66
1576 11 8 66
960 15 9 66
71 16 9 66
109 16 8 66
1281 14 6 66
3380 19 18 67
2389 6 6 67
24 8 15 67
1359 4 9 67
1982 12 15 67
3599 5 9 67
3036 13 15 67
678 11 15 67
2031 5 10 67
65 10 15 67
35 6 10 67
2127 7 10 67
2245 14 7 67
3571 15 8 67
2984 15 7 67
1569 16 7 67
655 16 6 67
1638 0 9 68
899 4 1 68
1201 5 1 68
1367 6 1 68
427 6 19 68
3392 9 2 68
529 14 8 68
1749 10 2 68
3390 13 2 68
2911 13 8 68
1407 13 3 68
3070 13 6 68
2351 19 1 68
721 19 0 68
1933 18 0 68
3337 17 0 68
1133 10 18 69
243 10 19 69
3410 9 19 69
1295 8 19 69
2465 7 19 69
3354 7 18 69
3618 9 9 69
208 10 12 69
3008 19 4 69
2198 19 5 69
903 18 5 69
2364 0 14 70
110 0 13 70
2430 1 13 70
2665 2 13 70
2358 2 14 70
1439 3 19 70
578 3 18 70
3127 19 19 70
3375 18 19 70
3195 18 18 70
2806 18 17 70
2954 14 18 70
299 10 13 70
1768 10 8 70
1945 10 9 70
3296 13 0 70
1710 12 0 70
2986 12 1 70
2163 0 8 71
3548 0 9 71
551 1 9 71
3309 2 0 71
204 0 2 71
2878 0 3 71
2042 2 9 71
3307 2 1 71
2033 1 3 71
2788 10 16 71
1503 9 16 71
1769 9 17 71
2889 8 17 71
1144 6 4 71
3333 12 18 71
2943 6 16 71
484 12 17 71
3359 12 16 71
1863 13 16 71
3305 10 7 71
2522 18 12 71
2191 9 7 71
3285 17 12 71
3200 17 11 71
2040 16 11 71
1283 11 0 71
2134 1 4 72
996 4 4 72
3406 15 19 72
2047 15 18 72
172 17 15 72
948 19 13 72
625 4 8 72
3520 18 13 72
2306 4 9 72
1303 6 7 72
1499 6 8 72
1118 5 9 72
1596 6 9 72
896 6 10 72
1256 7 10 72
961 12 3 72
660 14 4 72
1589 15 4 72
751 16 4 72
2314 6 12 73
1308 6 13 73
1380 5 13 73
2338 4 13 73
1479 4 14 73
3404 3 14 73
915 4 2 73
3408 3 15 73
2261 17 18 73
1249 17 17 73
3218 15 15 73
3109 14 9 73
820 14 10 73
373 13 10 73
2126 4 3 74
443 5 3 74
3035 6 3 74
2792 8 3 74
2190 8 4 74
1661 7 6 74
70 17 13 74
3632 15 14 74
2947 19 7 74
2904 19 6 74
1045 16 0 74
1110 14 0 74
3332 1 0 75
2347 2 0 75
2379 4 7 75
1358 2 1 75
2080 11 19 75
272 2 2 75
210 3 7 75
2537 2 3 75
1889 10 19 75
1127 2 4 75
1802 9 19 75
2739 8 19 75
1120 7 19 75
1332 8 18 75
1250 7 18 75
849 10 5 75
36 9 5 75
1774 9 13 75
2612 12 13 75
534 9 0 75
3629 10 0 75
274 10 3 75
365 15 9 75
3253 16 9 75
3429 14 6 75
3144 16 8 75
2802 16 7 75
2360 16 6 75
1605 0 10 76
409 1 10 76
2335 1 9 76
934 2 9 76
568 4 0 76
2491 2 8 76
1931 2 16 76
3171 4 1 76
1385 2 7 76
203 2 6 76
2018 5 1 76
3185 6 1 76
2678 6 2 76
3459 5 6 76
2365 12 19 76
510 19 15 76
1910 12 18 76
3619 12 17 76
3146 19 14 76
1659 12 16 76
1444 16 15 76
1131 13 16 76
3466 14 17 76
1121 9 15 76
3579 12 12 76
2015 9 1 76
1562 10 1 76
916 11 1 76
1204 11 8 76
1067 16 3 76
3227 15 2 76
3382 2 18 77
2061 3 3 77
775 3 4 77
3124 17 19 77
122 17 18 77
488 18 15 77
3488 18 14 77
951 7 7 77
2492 17 14 77
1755 7 8 77
1759 16 14 77
502 16 13 77
628 15 13 77
668 18 4 77
362 8 0 78
2740 8 1 78
2846 8 2 78
2297 7 12 78
2405 8 12 78
391 19 10 78
1868 8 13 78
706 13 4 78
1175 15 6 78
3149 17 1 78
2484 0 15 79
1291 0 14 79
247 0 13 79
523 0 6 79
2350 0 5 79
2452 5 0 79
1493 5 1 79
1135 1 5 79
1059 12 14 79
1851 19 3 79
2109 19 2 79
3570 18 16 80
873 7 1 80
403 5 4 80
1082 16 19 80
1158 17 16 80
1140 16 18 80
2815 17 17 80
1401 16 17 80
2309 15 17 80
694 15 16 80
1620 8 11 80
2396 11 7 80
509 11 6 80
865 18 5 80
553 0 17 81
2814 1 17 81
398 1 18 81
993 3 1 81
3442 3 2 81
2910 6 0 81
922 5 16 81
113 6 1 81
1559 5 18 81
1691 6 2 81
971 7 2 81
963 7 3 81
1413 19 12 81
1433 7 4 81
1584 5 7 81
1153 19 11 81
1887 18 11 81
1866 5 8 81
3508 18 10 81
1005 6 8 81
2532 17 10 81
1750 6 9 81
1099 7 11 81
1180 16 10 81
2811 15 10 81
3207 9 3 81
1353 10 3 81
3484 12 4 81
1161 17 9 81
2931 17 8 81
2757 15 3 81
124 14 3 81
1766 14 2 81
1808 14 1 81
1097 1 12 82
139 1 13 82
1065 2 13 82
1377 2 14 82
3551 0 7 82
931 11 16 82
1570 2 19 82
3015 1 7 82
2398 11 17 82
1261 2 18 82
162 3 18 82
466 10 17 82
1248 5 11 82
2751 6 11 82
1845 13 13 82
48 6 10 82
2078 7 10 82
2426 13 1 82
1338 12 1 82
1738 13 7 82
3235 18 9 82
1936 13 6 82
1219 19 0 82
2917 17 0 82
524 19 1 82
3180 18 0 82
3450 18 1 82
3043 18 2 82
3276 6 15 83
2003 5 15 83
2985 3 13 83
405 4 15 83
3518 3 14 83
3312 0 4 83
1214 0 5 83
680 1 5 83
2285 7 13 83
2176 1 1 84
2119 2 10 84
3071 2 9 84
1115 2 1 84
1899 3 1 84
3487 3 2 84
920 4 16 84
562 3 3 84
305 3 4 84
3587 14 19 84
1092 13 19 84
1199 13 18 84
282 13 17 84
1693 16 16 84
3425 14 17 84
145 9 6 84
595 13 12 84
394 13 3 84
1999 13 2 84
2748 13 9 84
1035 12 2 84
978 13 8 84
759 19 9 84
1443 15 9 84
2963 19 8 84
1340 16 9 84
1477 18 8 84
2373 16 8 84
2606 14 6 84
1136 18 7 84
2502 18 6 84
2564 17 6 84
2020 18 3 84
1318 1 16 85
559 1 15 85
165 11 18 85
752 2 15 85
2100 3 8 85
2583 11 17 85
1968 10 17 85
2456 9 17 85
2857 9 18 85
533 8 18 85
159 6 18 85
330 9 13 85
2288 12 13 85
347 9 0 85
1329 10 0 85
3194 11 9 85
1365 15 8 85
801 17 7 85
2798 17 3 85
194 17 2 85
839 16 1 85
1579 0 18 86
1333 1 18 86
2613 10 6 86
2833 10 5 86
614 9 5 86
2879 9 1 86
2455 10 1 86
1024 11 8 86
410 14 4 86
451 15 4 86
225 9 15 87
994 18 12 87
2431 17 12 87
3631 10 15 87
3145 17 11 87
1043 16 11 87
2372 15 12 87
3299 15 11 87
1276 10 11 87
636 13 0 87
1394 12 12 87
3029 12 0 87
2830 11 0 87
3546 11 1 87
2500 10 2 87
3160 11 2 87
3084 12 3 87
189 14 7 87
3027 15 7 87
1958 6 14 88
3173 6 15 88
1993 5 15 88
719 4 15 88
2855 1 6 88
2274 2 17 88
3072 5 2 88
1278 6 2 88
1167 7 2 88
2420 7 3 88
180 7 4 88
1533 6 7 88
3521 13 16 88
416 6 8 88
1101 6 9 88
1653 11 15 88
107 9 11 88
2891 14 8 88
2752 13 8 88
3350 4 12 89
1300 3 11 89
3574 5 14 89
360 4 13 89
149 4 14 89
2781 6 16 89
332 18 13 89
199 10 7 89
459 16 12 89
3134 9 7 89
1518 19 4 89
2136 19 5 89
1856 18 5 89
2392 16 4 89
1423 14 3 89
606 14 2 89
1852 14 1 89
977 14 0 89
739 2 11 90
2378 4 19 90
3069 10 19 90
1315 5 19 90
1757 19 16 90
2002 5 18 90
3066 19 17 90
1913 19 13 90
1563 19 14 90
3169 4 8 90
626 16 15 90
695 4 9 90
794 4 11 90
841 8 15 90
1809 5 9 90
2444 5 11 90
3255 10 8 90
2897 10 9 90
1590 13 10 90
3462 11 7 90
419 11 6 90
2690 11 5 90
947 17 9 90
2417 15 3 90
800 16 0 90
185 0 12 91
3346 3 10 91
293 0 19 91
3 1 19 91
2895 3 9 91
3033 1 18 91
1687 3 8 91
2774 2 8 91
1606 2 18 91
3465 3 7 91
1379 3 6 91
2028 3 18 91
2017 2 7 91
953 2 6 91
2345 6 4 91
773 14 18 91
496 14 17 91
1288 9 8 91
380 7 11 91
2241 10 13 91
1512 16 7 91
3451 16 6 91
1585 1 11 92
2797 1 12 92
2990 2 12 92
3044 3 12 92
543 3 0 92
1297 3 13 92
3256 3 1 92
2519 3 2 92
2976 3 3 92
699 19 15 92
308 19 14 92
477 15 17 92
520 18 14 92
452 17 14 92
2720 16 14 92
2648 13 14 92
2631 9 12 92
3389 14 9 92
2881 8 11 92
3460 14 10 92
437 9 11 92
1928 9 2 92
3432 9 3 92
619 10 3 92
1682 17 0 92
1093 19 0 92
1254 19 1 92
715 18 0 92
1575 1 14 93
45 1 15 93
449 0 3 93
3058 1 3 93
211 4 2 93
1321 10 16 93
3412 8 19 93
1192 9 16 93
423 5 6 93
711 12 19 93
2539 12 18 93
2256 12 17 93
3053 12 16 93
2411 12 15 93
666 5 8 93
2509 4 10 93
3298 14 16 93
3003 13 15 93
2035 10 12 93
830 13 6 93
1220 19 7 93
2759 19 6 93
2575 18 6 93
1184 19 5 93
2118 17 1 93
2896 18 1 93
1083 18 5 93
2097 19 2 93
2363 18 2 93
704 0 0 94
2777 11 19 94
2142 10 19 94
3132 9 19 94
3483 9 18 94
1527 9 4 94
195 9 5 94
2871 17 13 94
688 14 15 94
2265 14 14 94
2618 13 7 94
368 18 9 94
2083 14 6 94
458 17 9 94
3385 18 7 94
