775450
2047
2701 12 19 1
1739 19 19 1
4187 13 19 1
5151 12 18 1
3576 19 18 1
1328 0 19 1
4423 18 19 1
1332 12 17 1
2810 14 19 1
4383 13 18 1
4122 19 17 1
2561 0 18 1
2107 17 19 1
4205 18 18 1
1255 13 17 1
1618 12 16 1
550 14 18 1
4213 1 19 1
1128 15 19 1
1533 19 0 1
3712 18 17 1
820 1 18 1
5195 15 18 1
1841 14 17 1
4472 13 16 1
2935 0 17 1
2430 17 18 1
153 2 19 1
5059 16 19 1
3731 19 16 1
3431 18 0 1
1215 3 19 1
3439 17 17 1
2994 15 17 1
843 2 18 1
1165 16 18 1
3277 19 15 1
442 1 17 1
1566 14 16 1
4328 0 10 1
4355 18 16 1
4623 19 1 1
2489 0 16 1
3923 1 16 1
1695 17 0 1
5086 19 14 1
3273 16 17 1
3677 0 11 1
4928 2 17 1
3549 17 16 1
4564 4 19 1
2009 3 18 1
3252 0 15 1
1498 19 2 1
470 18 1 1
4142 1 10 1
518 15 16 1
3312 18 15 1
2599 4 18 1
4304 3 17 1
10 16 0 1
3324 16 16 1
2086 5 19 1
3640 2 16 1
4617 17 1 1
4194 19 13 1
1233 18 14 1
3890 1 15 1
762 0 12 1
3918 0 14 1
1719 18 2 1
4721 2 10 1
4771 19 3 1
4895 17 15 1
344 1 11 1
2900 18 13 1
540 17 2 1
3362 1 14 1
3519 1 12 1
173 19 4 1
4359 4 17 1
3532 0 13 1
2151 19 12 1
2375 9 0 1
2676 6 19 1
1478 5 18 1
336 3 16 1
4054 3 10 1
4934 16 15 1
3163 15 0 1
2056 16 1 1
5000 2 15 1
2064 2 11 1
725 18 3 1
209 17 14 1
522 16 14 1
4563 7 19 1
911 6 18 1
2931 10 0 1
1949 17 13 1
1102 17 3 1
564 9 1 1
370 5 17 1
3145 11 19 1
3719 19 11 1
4309 16 2 1
395 19 5 1
5035 14 0 1
3386 18 4 1
2871 18 12 1
2237 15 15 1
3108 15 1 1
589 4 16 1
4133 3 15 1
2406 2 12 1
1951 1 13 1
3276 4 10 1
4626 2 14 1
3333 3 11 1
1497 17 12 1
1971 4 15 1
4439 11 18 1
4923 6 17 1
3608 19 6 1
2778 11 0 1
4487 16 13 1
4456 19 10 1
2979 14 15 1
4583 14 1 1
833 4 11 1
3033 15 2 1
4340 17 4 1
3538 15 14 1
1990 18 11 1
3066 7 18 1
1331 9 2 1
748 16 3 1
3496 5 16 1
3927 5 10 1
4988 10 19 1
4186 13 0 1
4278 8 19 1
3201 3 14 1
880 10 1 1
5042 18 5 1
4289 2 13 1
3302 3 12 1
3703 16 12 1
4003 15 13 1
1914 19 9 1
3910 4 12 1
2598 12 0 1
230 14 2 1
1416 3 13 1
936 11 17 1
2877 8 18 1
1368 16 4 1
850 9 3 1
3840 5 15 1
753 18 10 1
4880 10 2 1
739 18 6 1
4779 6 10 1
966 13 1 1
4918 9 19 1
1453 6 16 1
2632 17 11 1
690 5 11 1
1525 11 1 1
4199 10 18 1
373 15 3 1
3548 17 5 1
2186 19 7 1
3965 14 14 1
2543 13 15 1
4356 4 14 1
2758 7 17 1
1891 19 8 1
1056 10 17 1
768 10 3 1
31 9 18 1
3015 11 2 1
6 15 4 1
4834 14 3 1
1047 15 12 1
5137 11 16 1
4230 5 14 1
2018 5 12 1
1321 18 9 1
2980 13 2 1
2971 18 7 1
3981 6 11 1
318 6 15 1
4159 17 10 1
1591 14 13 1
818 13 14 1
651 12 15 1
4124 17 6 1
1924 7 10 1
83 4 13 1
3798 7 16 1
4453 16 11 1
4021 12 1 1
234 16 5 1
2293 8 17 1
2395 10 16 1
176 5 13 1
1701 11 3 1
2936 14 12 1
4477 14 4 1
3617 11 15 1
3177 12 2 1
51 12 14 1
1980 13 13 1
2803 13 3 1
3278 15 5 1
1830 7 15 1
5152 16 10 1
3753 8 16 1
1372 9 17 1
2567 17 7 1
160 7 11 1
1755 18 8 1
3941 17 9 1
2274 6 12 1
858 15 11 1
4155 6 14 1
202 16 6 1
2033 8 10 1
2585 17 8 1
3410 7 12 1
2544 8 11 1
2286 16 7 1
2518 12 3 1
2613 12 13 1
1544 16 9 1
4090 7 14 1
3288 8 15 1
1836 11 14 1
3687 15 10 1
717 14 5 1
4719 13 12 1
2374 6 13 1
3330 14 11 1
2583 13 4 1
4179 9 16 1
1164 15 6 1
813 10 15 1
3151 13 5 1
4802 13 11 1
1213 12 12 1
4189 10 14 1
1767 7 13 1
2392 16 8 1
3960 12 4 1
2499 8 12 1
4020 8 14 1
4607 11 13 1
1172 14 6 1
4798 14 10 1
5006 15 9 1
1805 9 15 1
1997 15 7 1
2 14 7 1
4212 14 9 1
4064 12 5 1
2850 15 8 1
2685 13 10 1
4473 8 13 1
2714 13 6 1
3896 9 14 1
104 10 13 1
2702 12 11 1
2775 11 4 1
3589 11 12 1
1322 13 9 1
4978 9 13 1
579 10 12 1
4243 11 5 1
118 14 8 1
4573 11 11 1
5092 12 6 1
435 13 7 1
4399 12 10 1
3616 9 12 1
3014 12 7 1
1505 11 10 1
1727 10 11 1
2809 13 8 1
2608 11 6 1
121 12 9 1
2289 10 10 1
1312 9 11 1
4086 11 7 1
617 12 8 1
1094 11 9 1
1344 10 9 1
3030 11 8 1
5 9 10 1
372 10 8 1
1582 9 9 1
3032 0 9 1
5140 10 7 1
568 9 8 1
2958 8 9 1
392 8 8 1
1399 0 8 1
4463 9 7 1
5091 10 6 1
683 7 9 1
4004 1 9 1
3195 9 6 1
1509 0 7 1
930 7 8 1
2308 10 5 1
1661 8 7 1
4486 6 9 1
885 2 9 1
77 1 8 1
1205 8 6 1
2070 1 7 1
4030 3 9 1
2098 7 7 1
257 6 8 1
4904 2 8 1
3223 5 9 1
142 0 6 1
3599 9 5 1
961 10 4 1
1134 6 7 1
2511 2 7 1
2482 4 9 1
2449 5 8 1
1735 7 6 1
2749 3 8 1
4406 0 5 1
4200 8 5 1
4686 1 6 1
2558 9 4 1
2290 1 5 1
2896 3 7 1
341 4 8 1
1334 8 4 1
253 6 6 1
4175 5 7 1
4131 0 4 1
3893 2 6 1
3462 7 5 1
3156 4 7 1
3287 6 5 1
1211 7 4 1
258 8 3 1
3643 2 5 1
446 5 6 1
5027 1 4 1
4620 3 6 1
3175 2 4 1
2699 6 4 1
4366 4 6 1
3899 5 5 1
5025 7 3 1
3315 8 2 1
1571 3 5 1
4862 6 3 1
4293 0 3 1
915 7 2 1
3559 4 5 1
740 3 4 1
687 8 1 1
1682 5 4 1
2966 1 3 1
3083 7 1 1
4784 6 2 1
4594 0 2 1
3433 4 4 1
216 8 0 1
3178 5 3 1
2905 1 2 1
348 0 1 1
1216 2 3 1
1441 6 1 1
3105 7 0 1
1398 5 2 1
3479 4 3 1
3275 6 0 1
3495 2 2 1
4716 1 1 1
3542 0 0 1
4727 3 3 1
1599 5 1 1
5095 4 2 1
114 2 1 1
2736 5 0 1
311 4 1 1
2649 3 2 1
778 1 0 1
2945 4 0 1
3934 3 1 1
3802 2 0 1
3294 3 0 1
4815 1 0 5
1122 2 0 5
1615 2 1 6
450 3 2 6
614 4 1 6
4476 3 1 6
4192 0 0 7
670 0 1 7
583 0 2 7
952 1 1 7
364 1 2 7
3039 2 2 7
3490 4 4 7
2118 4 2 7
1401 6 2 7
5112 8 0 7
4219 6 1 7
5125 7 0 7
887 6 0 7
2351 8 1 8
3919 3 4 8
706 8 2 8
2372 7 1 8
3858 4 6 8
1265 7 2 8
1080 7 3 8
4693 6 3 8
4816 0 4 9
430 1 4 9
3186 2 4 9
1811 2 6 9
3720 8 3 9
708 4 7 9
1611 3 6 9
3982 2 5 9
566 8 4 9
1394 3 5 9
3188 6 6 9
1632 4 5 9
4505 7 4 9
3040 6 4 9
1293 0 5 10
3641 0 6 10
2344 1 5 10
3142 1 6 10
1473 1 7 10
2271 1 8 10
1506 2 7 10
2653 10 4 10
315 3 9 10
549 3 7 10
3377 4 9 10
2224 6 9 10
141 8 7 10
3126 9 4 10
1702 10 5 10
1033 9 5 10
111 8 6 10
1081 6 8 10
2427 5 9 10
1375 8 5 10
2946 6 7 10
1365 0 7 11
4446 11 9 11
359 0 8 11
4844 10 6 11
5005 0 9 11
1425 11 8 11
2212 10 9 11
2214 9 6 11
1188 10 7 11
2902 1 9 11
636 10 8 11
3730 9 7 11
3257 9 8 11
4419 2 9 11
605 8 8 11
1957 2 8 11
4059 3 8 11
3584 4 8 11
2693 5 8 11
2732 5 7 11
2532 5 6 11
4426 11 4 12
147 11 5 12
4948 11 6 12
4033 12 5 12
1396 13 6 12
1986 13 7 12
760 11 7 12
3620 12 6 12
3464 13 10 12
1356 12 7 12
4490 13 9 12
1709 11 12 12
3801 9 14 12
59 10 13 12
483 10 12 12
2656 11 11 12
5049 10 11 12
495 0 0 12
3826 0 1 12
4971 0 2 12
1419 0 3 12
5105 1 3 12
3340 2 3 12
2591 3 3 12
637 4 3 12
5029 12 4 13
3027 11 13 13
4416 15 10 13
648 11 14 13
1342 16 8 13
634 10 14 13
1922 15 9 13
1178 14 10 13
3593 14 9 13
2367 15 8 13
2462 7 14 13
4422 13 12 13
2416 8 12 13
4120 1 0 13
4724 5 0 13
397 3 2 13
2710 2 1 13
3007 4 0 13
2679 2 0 13
728 16 10 14
1592 16 9 14
4411 18 8 14
4489 15 5 14
4044 14 4 14
1310 8 10 14
172 11 15 14
1 9 17 14
1062 10 15 14
852 8 11 14
4618 7 15 14
828 13 13 14
4385 9 15 14
2187 6 12 14
1482 18 9 15
4303 13 2 15
1421 16 5 15
1885 11 16 15
1281 14 13 15
2753 7 10 15
265 6 15 15
3046 12 15 15
575 8 17 15
2510 5 12 15
3898 6 14 15
4530 14 12 15
429 11 1 16
836 11 2 16
1864 17 5 16
4896 4 14 16
3581 13 15 16
1920 14 14 16
3349 5 11 16
2974 7 17 16
641 13 1 17
4926 9 3 17
1292 19 9 17
5088 19 8 17
2742 9 19 17
3819 19 7 17
658 18 7 17
3060 11 17 17
1297 2 13 17
139 3 12 17
4630 15 13 17
1958 15 12 17
4700 9 2 18
305 13 0 18
1400 15 4 18
2610 8 19 18
3717 18 5 18
3837 10 19 18
3924 5 10 18
4262 5 16 18
1475 3 14 18
1012 6 10 18
792 6 11 18
619 7 11 18
506 7 12 18
754 11 0 19
1930 12 0 19
4285 19 10 19
3305 15 2 19
1724 12 1 19
1981 12 2 19
1937 18 10 19
2830 17 10 19
1972 17 9 19
2991 17 8 19
2698 17 7 19
3350 15 14 19
3356 16 7 19
1238 17 12 19
1235 15 7 19
900 18 4 20
1925 17 4 20
3609 16 4 20
4689 14 0 20
1499 15 1 20
2148 14 1 20
456 19 5 20
2276 14 2 20
1797 19 6 20
2315 18 6 20
3972 17 6 20
3851 15 15 20
736 16 6 20
2057 18 12 20
1909 2 12 20
557 3 15 20
1029 4 10 20
1669 15 6 20
4267 14 15 20
3814 14 14 20
2589 13 14 20
2412 12 14 20
155 12 13 20
1938 12 12 20
186 9 1 21
3833 11 19 21
835 8 18 21
2500 7 19 21
2401 11 18 21
816 9 18 21
2136 7 18 21
237 17 13 21
1137 10 18 21
414 5 17 21
1302 10 17 21
845 10 16 21
2682 9 16 21
3816 15 0 22
4134 9 0 22
5194 15 1 22
1411 10 0 22
1409 10 1 22
2007 10 2 22
247 10 3 22
4846 11 3 22
1240 12 3 22
2015 0 13 22
4961 5 18 22
2402 3 16 22
4166 3 10 22
72 19 12 22
3573 19 11 22
4377 1 13 22
1652 18 11 22
1568 17 11 22
2397 3 4 22
3860 8 2 22
5030 4 6 22
3037 3 5 22
4251 4 5 22
167 19 4 23
4849 19 3 23
1373 18 3 23
2670 17 3 23
4394 0 12 23
331 1 12 23
3991 0 14 23
271 17 15 23
2084 2 10 23
1026 1 14 23
4674 6 7 23
333 8 1 23
1872 7 1 23
2253 7 2 23
2672 7 3 23
4753 6 3 23
4361 16 0 24
3828 16 1 24
604 19 13 24
2618 18 13 24
1984 18 15 24
630 15 16 24
2918 5 19 24
3486 2 16 24
812 6 19 24
1077 6 18 24
1362 6 17 24
3945 6 16 24
1954 7 16 24
3133 8 16 24
2264 8 15 24
1295 8 14 24
854 8 6 24
1629 5 9 24
2467 6 8 24
1357 19 2 25
4184 18 2 25
997 4 19 25
906 3 18 25
1905 0 15 25
1799 1 10 25
3722 4 18 25
2873 8 0 25
3368 7 0 25
481 6 2 25
620 6 0 25
2917 5 0 25
993 6 1 25
3360 17 0 26
1560 0 16 26
626 1 16 26
2826 1 15 26
2156 2 15 26
1666 2 14 26
1223 2 13 26
2647 3 13 26
731 10 5 26
4234 6 4 26
4494 4 4 26
1403 5 2 26
2795 5 1 26
998 19 1 27
4501 19 15 27
5123 14 16 27
4264 15 17 27
3611 2 18 27
300 0 10 27
592 0 11 27
1141 19 14 27
4437 1 11 27
4799 18 14 27
1224 2 11 27
5144 17 14 27
4094 3 11 27
4099 4 11 27
1935 4 12 27
1345 4 13 27
308 8 8 27
684 9 4 27
269 0 0 27
4608 9 5 27
377 0 1 27
1107 8 5 27
4852 0 2 27
240 0 3 27
454 1 3 27
1751 2 3 27
2248 3 3 27
1143 17 17 28
1245 10 12 28
4882 10 11 28
4534 6 9 28
5070 8 7 28
2705 6 8 28
1765 8 4 28
1561 6 6 28
4891 2 1 28
2579 4 0 28
242 19 16 29
960 16 19 29
4612 10 13 29
3520 10 8 29
4720 9 7 29
2860 9 8 29
4185 2 5 29
1804 3 5 29
2805 3 6 29
2305 3 7 29
1490 4 9 29
2789 2 2 29
4614 3 2 29
524 1 0 29
1539 2 0 29
3240 18 17 30
4226 0 17 30
177 14 17 30
5013 2 19 30
5094 17 18 30
3397 3 19 30
4070 18 16 30
4147 3 18 30
3610 17 16 30
1894 14 12 30
2796 11 12 30
1286 11 11 30
2664 1 9 30
356 2 9 30
1627 3 9 30
482 19 0 31
3468 18 0 31
4913 18 1 31
1054 17 1 31
4346 17 2 31
1803 1 19 31
3096 16 2 31
737 15 19 31
622 14 18 31
5096 12 16 31
3079 1 18 31
5075 16 3 31
1886 15 18 31
867 1 17 31
3399 15 3 31
4058 14 3 31
4855 2 17 31
148 13 3 31
3322 3 17 31
969 4 17 31
3265 13 4 31
1465 13 5 31
4566 4 16 31
2074 4 15 31
996 14 5 31
1392 5 15 31
1032 5 13 31
876 13 13 31
423 13 12 31
5063 9 15 31
3358 9 14 31
2983 10 4 31
2872 8 3 31
3470 9 4 31
1139 8 4 31
4372 7 4 31
3901 13 17 32
4977 13 16 32
1893 14 16 32
1573 15 16 32
1546 15 8 32
1472 10 7 32
5134 2 6 32
2992 2 7 32
2985 1 8 32
5159 2 8 32
1677 3 8 32
4440 4 8 32
3865 5 8 32
2089 18 18 33
5129 14 15 33
3622 14 14 33
3298 13 14 33
1045 12 15 33
5053 12 14 33
2371 6 13 33
4514 12 13 33
2764 13 10 33
4704 12 12 33
1588 13 9 33
4311 17 19 34
2398 17 18 34
4176 18 12 34
1675 16 18 34
546 18 13 34
878 16 17 34
572 2 12 34
934 18 14 34
4324 16 16 34
381 11 15 34
1463 2 11 34
4015 17 14 34
88 3 11 34
1167 4 10 34
2501 8 17 34
4637 4 11 34
3821 14 10 34
3299 15 13 34
2950 15 12 34
1728 12 6 34
3917 7 11 34
146 8 10 34
1960 8 11 34
1406 8 12 34
2020 9 6 34
3778 9 7 34
4250 9 8 34
2990 11 17 35
5164 15 15 35
2495 11 16 35
1788 15 5 35
3949 10 16 35
5048 13 7 35
4210 11 7 35
2417 12 7 35
3660 4 6 35
1383 9 19 36
5163 14 2 36
1913 3 14 36
106 9 18 36
5003 14 3 36
3948 3 15 36
2083 9 17 36
1598 14 4 36
3792 9 16 36
297 14 5 36
3690 15 9 36
4424 8 16 36
3138 8 15 36
1296 6 15 36
4533 14 9 36
1593 11 8 36
263 10 9 36
9 1 6 36
1476 1 7 36
2801 8 2 36
3190 8 3 36
2692 8 4 36
2345 7 4 36
3803 19 8 37
3632 19 7 37
3442 18 7 37
2104 17 7 37
3183 19 17 38
2313 18 17 38
1931 0 18 38
2428 18 18 38
5116 1 18 38
1962 17 18 38
347 1 17 38
3405 19 5 38
3449 16 18 38
3058 19 6 38
873 2 17 38
3168 16 17 38
3239 1 13 38
2175 18 6 38
5015 3 17 38
3600 15 14 38
262 4 17 38
4248 17 6 38
3121 2 13 38
3695 16 6 38
2504 2 12 38
2129 15 6 38
46 17 12 38
971 11 14 38
2314 10 14 38
905 9 14 38
4358 0 4 38
3541 1 2 38
4804 2 2 38
3594 3 2 38
5119 18 8 39
5124 19 12 39
3605 17 8 39
3196 3 10 39
1005 4 10 39
3093 19 11 39
4069 4 11 39
2708 7 10 39
3242 18 11 39
1450 17 11 39
384 10 6 39
2491 9 6 39
5065 9 7 39
1142 0 9 39
1133 9 8 39
1017 0 8 39
2976 1 8 39
2844 2 8 39
2712 3 8 39
609 4 8 39
3147 5 8 39
632 14 19 40
4254 14 18 40
2713 13 18 40
3306 12 17 40
2785 13 17 40
1147 13 16 40
3204 14 16 40
3583 15 16 40
2094 3 16 40
4539 10 17 40
1828 4 16 40
4968 4 15 40
2387 0 13 41
1839 10 19 41
227 9 19 41
716 5 18 41
2772 7 17 41
2624 5 17 41
2982 5 10 41
5052 5 16 41
871 8 17 41
2163 6 10 41
3988 5 15 41
837 5 14 41
3556 6 11 41
734 6 14 41
2366 8 1 41
3951 6 7 41
266 7 1 41
4136 7 2 41
2105 7 3 41
2735 6 3 41
14 18 19 42
4733 18 18 42
2423 17 18 42
3501 12 1 42
3035 14 0 42
3492 12 2 42
1186 16 18 42
2973 16 17 42
3343 1 14 42
1405 14 1 42
406 16 16 42
1181 10 18 42
770 1 13 42
4299 14 2 42
4451 9 18 42
3189 16 15 42
4036 2 13 42
2765 16 14 42
3353 17 13 42
1823 9 17 42
4483 2 12 42
1384 13 6 42
214 3 12 42
3635 9 16 42
3510 4 12 42
4384 8 16 42
3692 8 15 42
3263 17 4 43
1456 16 4 43
783 15 2 43
244 16 3 43
3983 15 3 43
608 14 13 43
2993 15 13 43
1461 16 13 43
3656 16 12 43
1358 16 11 43
3129 15 11 43
2680 14 11 43
3846 13 11 43
354 12 11 43
5109 0 6 43
1785 1 6 43
4622 1 5 43
2920 1 4 43
1084 8 6 43
4551 5 9 43
2934 2 4 43
3735 3 4 43
2620 3 5 43
2114 4 5 43
185 5 2 43
5183 19 9 44
3908 19 10 44
80 18 10 44
2766 17 10 44
799 17 9 44
2597 7 18 44
1608 7 17 44
5043 5 11 44
4195 8 14 44
3805 5 3 44
2615 18 5 45
1650 18 6 45
809 1 11 45
4506 2 10 45
3864 17 6 45
360 2 11 45
563 2 12 45
1410 3 12 45
79 8 8 45
3505 0 0 45
733 6 4 45
573 10 0 46
2411 10 1 46
3829 10 2 46
2393 10 3 46
4035 11 3 46
5132 15 10 46
5031 11 18 46
4987 15 9 46
3264 2 14 46
4938 10 18 46
5073 16 9 46
2445 9 18 46
4308 16 8 46
117 16 7 46
4252 15 7 46
3095 11 5 46
1231 13 15 46
3373 12 15 46
4673 12 14 46
4153 12 13 46
4935 12 12 46
1656 1 9 46
4420 2 9 46
255 3 9 46
4022 10 5 46
896 5 0 46
3615 1 1 47
2782 0 1 47
4389 0 2 47
4097 0 3 47
2644 8 0 47
1407 1 3 47
3995 7 0 47
393 2 3 47
1964 6 0 47
3388 6 2 47
2019 3 3 47
1437 6 1 47
2091 5 1 47
842 0 19 48
1903 0 18 48
4757 1 18 48
2170 1 17 48
2152 2 16 48
3827 2 17 48
1067 4 18 48
3110 19 14 48
4858 18 14 48
3558 17 14 48
4531 9 15 48
3621 14 12 48
1250 10 4 48
787 9 4 48
3455 9 5 48
798 8 5 48
3565 3 1 48
349 3 18 49
5181 18 16 49
838 15 1 49
5071 15 2 49
5069 17 16 49
1789 17 5 49
2675 15 3 49
4401 7 19 49
1051 13 13 49
2508 13 12 49
2119 11 13 49
986 8 12 49
668 11 12 49
4584 11 11 49
1524 2 1 49
4412 9 3 50
2268 0 11 50
3839 13 2 50
4029 8 18 50
1820 5 19 50
5034 6 19 50
3775 6 18 50
3207 6 17 50
4470 8 10 50
1601 6 16 50
2484 12 6 50
5002 8 11 50
3667 11 6 50
3550 7 11 50
477 11 7 50
1773 11 8 50
1693 4 9 50
2843 0 5 50
369 1 5 50
3097 6 6 50
2093 1 4 50
1108 2 4 50
3160 3 4 50
2671 1 0 50
179 2 0 50
2364 9 0 51
829 10 0 51
4908 19 18 51
2550 0 10 51
4899 19 13 51
3028 18 18 51
3269 11 2 51
4284 17 18 51
2855 1 10 51
4080 19 14 51
872 18 14 51
8 1 11 51
3084 2 11 51
82 13 4 51
3044 13 5 51
4702 4 12 51
3957 15 12 51
747 2 19 52
3282 2 18 52
4270 14 17 52
1543 15 18 52
4767 0 15 52
3958 18 4 52
3888 1 15 52
2340 11 19 52
2081 16 18 52
1614 11 18 52
2339 1 14 52
3370 18 5 52
3536 10 18 52
4117 17 5 52
1174 16 5 52
1697 16 6 52
3574 15 6 52
1514 11 9 52
1364 0 9 52
2272 3 6 52
4112 3 7 52
4676 9 1 53
3800 4 19 53
135 10 1 53
3954 10 2 53
1433 3 19 53
2414 10 3 53
2825 3 18 53
1977 11 3 53
4464 14 10 53
2073 15 10 53
3647 15 9 53
2788 16 9 53
2447 16 8 53
2210 10 6 53
2556 9 6 53
2470 9 8 53
4788 9 7 53
3217 8 7 53
2405 13 19 54
1251 12 18 54
3745 13 18 54
965 0 17 54
1545 13 17 54
2181 1 17 54
4349 12 16 54
1840 12 0 54
3130 13 16 54
3481 16 1 54
2254 2 17 54
525 19 15 54
3689 0 12 54
4624 14 16 54
4760 15 1 54
1241 15 17 54
3098 2 15 54
211 18 15 54
1100 15 2 54
2003 1 12 54
3053 15 16 54
4427 2 12 54
4746 17 15 54
441 2 14 54
4364 2 13 54
4857 3 13 54
2014 10 11 54
4387 0 7 54
2127 0 8 54
1208 6 9 54
4980 6 8 54
2948 19 19 55
5079 19 18 55
661 18 18 55
2827 13 1 55
2451 17 18 55
1348 12 1 55
1815 12 2 55
603 8 19 55
3707 8 18 55
4696 9 18 55
4930 15 4 55
1259 9 17 55
42 9 16 55
2849 18 11 55
4504 8 16 55
1731 17 11 55
3419 5 13 55
260 7 10 55
907 7 16 55
763 7 15 55
2143 7 11 55
1034 7 14 55
1239 2 5 55
1750 19 1 56
2441 18 1 56
1169 18 2 56
512 15 19 56
3364 15 18 56
3218 16 18 56
1183 16 17 56
4631 16 10 56
1391 16 16 56
4373 16 9 56
3845 16 15 56
3900 16 8 56
4046 16 14 56
1210 16 7 56
203 11 4 56
912 11 5 56
2144 15 7 56
1289 11 6 56
3248 10 8 56
3953 11 7 56
163 11 8 56
4204 12 8 56
3120 8 2 56
4110 8 3 56
474 8 4 56
3209 7 4 56
2256 0 4 56
2547 1 4 56
4835 2 4 56
399 3 4 56
4296 6 3 56
3154 1 2 56
2886 2 2 56
3086 3 2 56
1390 1 19 57
938 2 19 57
701 3 19 57
1016 17 2 57
1414 3 18 57
3718 12 4 57
2145 3 11 57
4960 10 9 57
1738 1 7 57
703 1 8 57
4861 2 8 57
3841 3 8 57
1367 4 8 57
3149 5 8 57
4665 7 3 57
2027 7 2 57
1018 6 2 57
2130 1 16 58
4902 1 17 58
3488 2 17 58
2078 3 17 58
3545 4 17 58
646 4 16 58
3771 4 15 58
2096 19 11 58
4772 4 14 58
4010 18 11 58
1484 4 13 58
205 17 11 58
107 11 15 58
2038 13 10 58
922 11 14 58
2206 11 13 58
2311 11 12 58
804 10 12 58
4103 5 4 58
4322 5 2 58
2229 19 4 59
3684 19 3 59
3344 18 3 59
2661 17 3 59
1337 3 10 59
2627 4 10 59
607 4 11 59
4962 4 12 59
1159 5 12 59
2903 7 12 59
890 6 7 59
2176 5 7 59
4540 8 1 59
1858 7 1 59
4894 6 1 59
5067 5 1 59
859 15 0 60
3563 16 0 60
394 11 1 60
4898 16 1 60
3633 12 1 60
2004 16 2 60
246 12 2 60
910 16 3 60
2553 17 8 60
3498 13 6 60
3657 6 14 60
903 14 9 60
916 10 14 60
1733 9 14 60
4008 3 5 60
4465 16 19 61
1106 17 17 61
4652 16 18 61
4101 16 17 61
2673 19 7 61
1654 14 2 61
5177 16 16 61
3944 16 15 61
445 18 7 61
66 17 7 61
1508 16 7 61
4529 15 7 61
1777 10 17 62
4817 3 15 62
4221 9 17 62
4695 5 14 62
171 17 12 62
1325 5 9 62
3579 15 14 63
1464 5 16 63
85 5 10 63
4683 6 10 63
5022 6 11 63
3453 4 6 63
3766 5 3 63
2480 5 0 63
1842 13 0 64
2269 19 6 64
3332 18 6 64
1513 18 5 64
2646 17 5 64
1696 16 5 64
1287 16 6 64
1595 15 13 64
2037 15 6 64
3326 12 7 64
1333 7 14 64
3022 12 8 64
3371 0 6 64
2352 1 6 64
4038 0 8 64
162 10 5 64
3726 10 6 64
1706 9 6 64
2838 6 9 64
3874 8 6 64
4994 6 8 64
3959 6 6 64
2831 1 0 64
2040 2 0 64
4331 11 0 65
3562 0 16 65
2527 17 1 65
1083 11 1 65
3428 1 16 65
301 16 1 65
4611 1 17 65
1791 16 2 65
1605 2 17 65
3768 16 3 65
667 15 3 65
1089 3 17 65
1966 1 13 65
4907 18 12 65
462 4 17 65
3162 3 16 65
588 4 16 65
1798 13 5 65
2587 10 16 65
5180 10 17 65
3485 4 15 65
212 5 11 65
1511 9 17 65
2141 13 14 65
4462 15 12 65
4271 13 7 65
3459 0 7 65
2804 14 0 66
362 14 1 66
312 13 1 66
3967 12 1 66
4599 12 2 66
1722 12 3 66
2420 13 3 66
4732 13 4 66
30 14 13 66
642 13 13 66
498 0 5 66
1228 1 5 66
1156 1 6 66
5111 3 3 66
1660 12 17 67
2557 12 16 67
5100 13 16 67
2894 14 16 67
3701 15 16 67
3229 5 18 67
200 15 5 67
3372 5 17 67
4653 5 16 67
1520 7 18 67
4026 7 17 67
3807 5 15 67
2157 12 15 67
2159 8 17 67
1721 12 14 67
1452 12 13 67
4381 12 12 67
402 2 6 67
1921 2 7 67
4130 1 7 67
3854 1 8 67
1486 1 9 67
2318 2 9 67
3159 3 9 67
4326 19 14 68
2512 18 14 68
50 10 11 68
4897 4 9 68
304 8 5 68
3115 2 3 68
571 4 1 68
1945 18 19 69
2507 18 18 69
1024 19 12 69
1151 15 2 69
4067 17 10 69
2786 18 15 69
3247 1 10 69
342 1 12 69
4503 18 12 69
4028 17 15 69
954 1 11 69
3266 2 12 69
3713 18 13 69
4915 2 11 69
3996 3 14 69
2245 3 11 69
587 17 13 69
3484 4 11 69
3140 6 3 69
1887 1 3 69
4369 5 3 69
3790 9 2 70
1732 10 2 70
2121 11 2 70
4245 15 17 70
4081 12 2 70
3897 12 3 70
1299 2 15 70
2460 17 9 70
1848 2 14 70
2158 13 3 70
1131 2 13 70
2496 3 13 70
4638 12 6 70
2069 6 16 70
2740 12 7 70
2779 13 7 70
275 10 7 70
2183 9 5 70
1135 10 6 70
3238 9 6 70
3506 8 7 70
1779 8 6 70
4949 6 4 70
1982 8 0 70
3885 7 0 70
4227 6 0 70
2139 5 0 70
2600 4 0 70
4797 19 5 71
3727 18 5 71
5141 17 19 71
2824 17 5 71
2242 17 4 71
3812 17 18 71
1283 15 15 71
2695 11 16 71
2471 8 10 71
509 10 16 71
38 10 17 71
514 8 11 71
2085 7 11 71
3518 6 11 71
3539 15 10 71
4526 15 9 71
4106 13 8 71
65 9 7 71
2338 9 8 71
2077 3 6 71
3781 3 7 71
3710 4 7 71
2519 0 4 71
4031 1 4 71
4770 2 4 71
3061 0 3 71
207 3 4 71
4648 18 10 72
75 18 9 72
1503 10 19 72
2373 9 19 72
893 14 10 72
2138 0 9 72
2110 1 9 72
5170 2 9 72
3274 3 9 72
303 8 2 72
774 8 3 72
1552 3 8 72
4492 4 8 72
1173 5 8 72
4169 5 7 72
4560 5 6 72
2884 11 3 73
2072 12 3 73
1082 19 8 73
385 19 13 73
2642 13 3 73
4787 18 8 73
11 18 13 73
3487 17 8 73
2361 17 13 73
4149 17 7 73
84 16 7 73
1907 13 15 73
4710 14 14 73
1564 15 7 73
109 14 13 73
3758 12 15 73
4785 10 15 73
4119 9 15 73
136 14 12 73
2828 12 14 73
1638 11 6 73
4404 12 13 73
2041 12 12 73
551 11 7 73
663 10 8 73
4318 11 8 73
1282 10 4 73
3842 9 4 73
1802 8 4 73
115 7 4 73
4469 0 10 74
1189 1 10 74
3082 11 17 74
785 11 19 74
1771 11 18 74
1271 10 18 74
2388 9 18 74
1053 9 17 74
4190 8 17 74
2413 8 16 74
279 18 0 75
3661 14 19 75
1837 17 0 75
2059 18 4 75
3112 17 1 75
3675 14 18 75
12 16 1 75
868 15 18 75
4953 0 15 75
310 17 4 75
3051 16 4 75
3674 19 15 75
2869 15 1 75
2730 1 15 75
4511 18 15 75
484 1 14 75
2724 15 2 75
4275 4 18 75
3780 17 15 75
4645 4 17 75
1092 17 14 75
2178 4 16 75
2458 4 15 75
3376 5 15 75
4821 0 0 75
1822 0 1 75
3514 0 2 75
472 1 2 75
5196 2 2 75
5179 0 18 76
4954 1 18 76
475 12 0 76
4643 1 17 76
4671 12 1 76
2016 2 17 76
4040 12 2 76
1148 2 16 76
3141 2 15 76
3955 2 14 76
1979 2 13 76
4522 3 13 76
1443 4 13 76
1451 15 8 76
3063 6 2 76
715 6 3 76
1285 6 4 76
680 0 13 77
4249 0 12 77
3208 1 12 77
2415 1 11 77
4876 2 11 77
976 6 19 77
2278 3 11 77
1267 6 18 77
4780 6 17 77
527 4 11 77
3694 6 16 77
3882 4 12 77
946 5 12 77
5026 5 4 77
1481 2 1 77
3998 19 2 78
3920 19 3 78
729 18 3 78
3227 18 4 78
3173 13 17 78
251 17 4 78
2617 13 16 78
3069 16 4 78
1917 14 16 78
2571 15 16 78
3425 16 3 78
431 15 3 78
2102 9 14 78
1655 2 5 78
4600 3 5 78
3004 19 16 79
1596 19 17 79
1229 18 17 79
2191 18 18 79
2466 17 18 79
4203 16 18 79
1743 16 17 79
2926 16 16 79
5108 16 15 79
4967 11 4 79
4261 7 16 79
1919 11 5 79
3655 11 6 79
1725 11 7 79
1947 11 8 79
2321 11 9 79
1613 11 11 79
3135 6 6 79
2878 7 3 79
4909 7 2 79
4969 1 0 79
1622 2 0 79
27 7 10 80
4729 7 11 80
3249 6 11 80
3458 6 12 80
3738 0 8 80
1489 10 9 80
1730 0 9 80
1760 1 9 80
1204 10 5 80
653 2 9 80
3136 10 4 80
758 9 4 80
3963 6 9 80
2258 8 4 80
529 6 8 80
1577 7 4 80
782 5 19 81
3054 15 4 81
2554 6 19 81
5033 6 18 81
1617 16 10 81
4525 6 17 81
361 16 9 81
4467 6 16 81
4809 8 18 81
3193 8 17 81
249 9 16 81
337 6 14 81
978 10 14 81
781 8 16 81
827 8 15 81
1088 12 8 81
4642 8 14 81
2403 0 6 81
610 1 6 81
4481 8 8 81
3680 8 1 81
3525 7 1 81
3104 6 1 81
3367 5 1 81
1944 5 2 81
2060 9 0 82
5174 10 0 82
4829 17 2 82
3318 0 19 82
3639 10 1 82
826 0 18 82
2316 15 19 82
2277 10 2 82
1934 0 17 82
1041 10 3 82
4222 15 18 82
4255 3 19 82
5157 1 17 82
4172 16 18 82
108 3 18 82
1992 16 17 82
3808 2 17 82
2595 2 16 82
5085 2 15 82
3586 2 14 82
2607 2 13 82
388 3 12 82
4277 13 6 82
673 3 13 82
4556 4 13 82
1190 5 13 82
1915 13 10 82
1576 6 13 82
1923 19 0 83
4266 18 0 83
1194 17 0 83
3671 16 0 83
3869 12 5 83
2638 12 4 83
1492 15 6 83
2968 16 12 83
3029 17 11 83
1928 16 11 83
3049 11 15 83
1305 11 14 83
2818 8 12 83
2347 0 7 83
1563 1 7 83
1346 1 8 83
1006 2 8 83
3202 3 8 83
2103 6 7 83
4795 2 3 83
2149 4 1 83
137 18 2 84
1303 17 2 84
547 19 10 84
1529 15 0 84
2436 18 10 84
1664 13 2 84
674 18 9 84
320 18 8 84
2924 3 7 84
3342 8 5 84
3192 5 8 84
2738 0 4 84
576 1 4 84
3280 2 4 84
3055 0 3 84
3111 1 1 84
1313 0 2 84
1001 1 2 84
4139 2 2 84
3045 9 1 85
451 18 1 85
819 13 18 85
942 10 1 85
374 17 1 85
3062 10 2 85
1699 2 19 85
3429 10 3 85
1374 16 1 85
4707 15 1 85
531 11 3 85
4247 3 19 85
2972 12 3 85
161 14 2 85
4485 13 3 85
295 13 5 85
3137 13 12 85
869 5 7 85
3385 5 6 85
3604 3 6 85
1217 17 17 86
1301 8 19 86
1929 19 7 86
91 7 19 86
3228 6 19 86
4056 6 18 86
3325 6 17 86
3021 18 11 86
3300 6 16 86
2851 10 8 86
710 9 8 86
238 8 6 86
3347 8 0 86
4679 7 0 86
507 6 0 86
1681 4 2 86
3654 5 0 86
4803 4 0 86
4545 16 19 87
2743 16 18 87
188 16 17 87
2184 14 12 87
1350 14 9 87
1096 12 12 87
4002 10 6 87
3117 9 5 87
1690 9 6 87
2602 12 18 88
133 16 5 88
927 3 16 88
1491 15 10 88
3938 14 15 88
193 14 14 88
1874 15 9 88
2537 13 14 88
464 8 11 88
5138 8 12 88
3489 5 9 88
1535 4 9 88
229 0 5 88
3614 1 5 88
3337 4 8 88
2257 1 4 88
2565 2 4 88
2761 3 4 88
1170 17 3 89
1264 13 19 89
3868 13 18 89
321 1 19 89
1129 13 17 89
3236 2 19 89
4737 14 17 89
3331 19 9 89
2545 14 16 89
221 3 19 89
4063 19 6 89
597 4 19 89
4901 15 16 89
784 4 18 89
4919 18 6 89
1379 16 16 89
3943 2 10 89
2777 9 18 89
4380 17 6 89
4691 3 10 89
2611 16 15 89
1269 16 6 89
1912 4 10 89
1749 4 11 89
3139 17 12 89
3540 15 6 89
4613 5 11 89
4677 17 11 89
2075 16 11 89
363 14 13 89
3884 13 13 89
2626 10 7 89
3783 9 7 89
1227 8 7 89
5014 17 9 90
950 18 9 90
2965 18 8 90
3567 3 17 90
3732 18 7 90
4507 13 4 90
4991 4 17 90
1549 4 16 90
1521 17 7 90
3770 16 7 90
5023 13 15 90
2882 12 6 90
4656 15 7 90
1086 12 7 90
213 12 15 90
5188 12 14 90
2478 13 7 90
4429 12 13 90
3427 10 11 90
2048 2 6 90
3041 2 7 90
2117 1 3 90
4543 19 4 91
3152 18 4 91
2317 17 4 91
1036 17 3 91
613 17 2 91
3076 0 14 91
1171 17 1 91
1579 0 13 91
5018 2 12 91
4833 1 13 91
164 2 13 91
2870 18 14 91
2095 3 14 91
2791 17 14 91
2062 9 17 91
4083 5 14 91
5080 9 16 91
1277 9 15 91
4079 15 17 92
3194 16 2 92
2659 15 16 92
3537 11 18 92
863 7 18 92
1845 7 17 92
1152 6 17 92
2267 6 16 92
90 8 3 92
3875 8 4 92
956 8 5 92
1537 13 1 93
2307 14 0 93
5120 14 1 93
4180 1 16 93
2241 2 16 93
5147 18 12 93
4188 3 16 93
1758 8 10 93
1020 7 12 93
60 8 11 93
4320 8 12 93
2895 7 9 93
2463 8 1 93
3170 0 1 93
1882 0 2 93
2150 1 2 93
69 2 2 93
2028 11 1 94
4945 11 2 94
794 2 14 94
2780 15 15 94
2177 17 10 94
175 17 9 94
533 13 6 94
1242 5 10 94
1948 17 8 94
963 4 14 94
3400 6 10 94
1420 11 16 94
3289 14 10 94
1244 8 16 94
1360 8 15 94
3552 13 10 94
5004 8 14 94
1146 12 8 94
3457 10 12 94
4929 12 10 94
2703 0 6 94
1260 1 6 94
1824 8 2 94
284 7 3 94
1027 2 6 94
953 3 9 94
4747 7 2 94
606 2 7 94
984 4 9 94
4983 3 7 94
511 7 1 94
1212 6 1 94
3601 5 1 94
559 5 2 94
923 5 3 94
2863 0 0 94
1393 1 0 94
2198 2 0 94
4386 18 5 95
4396 17 5 95
3623 17 4 95
4597 17 3 95
330 17 2 95
