761025
1965
2293 0 19 1
835 0 18 1
3341 1 19 1
4909 0 17 1
4553 2 19 1
608 1 18 1
3959 2 18 1
4822 0 16 1
978 1 17 1
3840 3 19 1
5082 4 19 1
4127 0 15 1
2040 3 18 1
472 1 16 1
1825 2 17 1
583 5 19 1
4138 3 17 1
4929 1 15 1
4711 0 14 1
3219 2 16 1
818 4 18 1
4973 0 13 1
2913 2 15 1
1871 4 17 1
4704 6 19 1
1024 3 16 1
3977 5 18 1
4467 1 14 1
988 7 19 1
1983 5 17 1
1658 6 18 1
3481 1 13 1
468 3 15 1
4454 2 14 1
1741 0 12 1
4986 4 16 1
887 1 12 1
1754 6 17 1
967 3 14 1
348 2 13 1
2653 8 19 1
1855 5 16 1
2713 0 11 1
1605 7 18 1
2732 4 15 1
2138 2 12 1
4780 6 16 1
3623 3 13 1
4747 7 17 1
2206 1 11 1
4201 8 18 1
2099 5 15 1
1755 0 10 1
3190 4 14 1
605 9 19 1
565 19 19 1
389 6 15 1
313 3 12 1
3637 7 16 1
2218 5 14 1
2586 4 13 1
1441 2 11 1
2962 9 18 1
2070 0 9 1
2442 19 18 1
1587 10 19 1
4049 8 17 1
1419 1 10 1
1349 18 19 1
266 17 19 1
847 4 12 1
4442 18 18 1
3831 9 17 1
2559 10 18 1
1614 0 8 1
1964 2 10 1
995 5 13 1
3071 19 17 1
2705 6 14 1
4743 8 16 1
1065 1 9 1
921 7 15 1
855 11 19 1
2956 3 11 1
2289 11 18 1
766 6 13 1
4875 16 19 1
4161 7 14 1
1017 5 12 1
4342 8 15 1
4705 10 17 1
2036 9 16 1
1417 12 19 1
2270 3 10 1
1991 1 8 1
1078 17 18 1
2518 19 16 1
3524 0 7 1
11 18 17 1
1252 2 9 1
4520 4 11 1
127 7 13 1
4257 3 9 1
3306 15 19 1
1145 9 15 1
3215 6 12 1
4958 18 16 1
3423 13 19 1
133 4 10 1
3764 2 8 1
3324 10 16 1
1816 0 6 1
65 12 18 1
4513 19 15 1
444 8 14 1
1435 1 7 1
3355 11 17 1
3828 17 17 1
4391 16 18 1
2536 5 11 1
2418 3 8 1
3607 7 12 1
4392 16 17 1
1932 13 18 1
4001 10 15 1
4679 2 7 1
325 14 19 1
2647 19 14 1
856 5 10 1
18 18 15 1
888 12 17 1
3800 9 14 1
3853 6 11 1
2513 17 16 1
1700 0 5 1
5074 8 13 1
169 11 16 1
4098 4 9 1
2422 1 6 1
1301 15 18 1
1072 7 11 1
1463 11 15 1
3683 16 16 1
2035 1 5 1
450 2 6 1
283 19 13 1
676 4 8 1
927 10 14 1
2666 8 12 1
4994 17 15 1
3068 12 16 1
1945 14 18 1
2051 6 10 1
322 0 4 1
2583 18 14 1
567 5 9 1
4240 15 17 1
1021 9 13 1
2849 13 17 1
4212 3 7 1
4102 1 4 1
4146 0 3 1
1086 17 14 1
280 15 16 1
860 11 14 1
500 4 7 1
2826 6 9 1
3189 8 11 1
187 18 13 1
1696 7 10 1
3811 12 15 1
196 3 6 1
3098 10 13 1
2028 5 8 1
1156 14 17 1
2232 2 5 1
663 9 12 1
492 13 16 1
1564 16 15 1
2910 10 12 1
3205 11 13 1
3563 9 11 1
4151 0 2 1
2744 7 9 1
3955 8 10 1
2108 4 6 1
234 17 13 1
264 5 7 1
1202 16 14 1
1986 15 15 1
3493 6 8 1
2750 3 5 1
1720 14 16 1
946 2 4 1
3752 13 15 1
36 12 14 1
2323 1 3 1
55 14 15 1
3446 15 14 1
4831 13 14 1
2937 16 13 1
1926 12 13 1
2290 0 1 1
4158 11 12 1
2791 10 11 1
2927 4 5 1
3530 2 3 1
1903 7 8 1
4153 3 4 1
4090 8 9 1
2279 9 10 1
2475 1 2 1
2964 5 6 1
2562 6 7 1
2952 5 5 1
582 6 6 1
1418 4 4 1
3672 14 14 1
1220 12 12 1
666 13 13 1
4245 8 8 1
4548 11 11 1
5010 3 3 1
5108 15 13 1
4533 7 7 1
4365 10 10 1
3896 1 1 1
411 2 2 1
3396 0 0 1
3518 9 9 1
427 8 7 1
92 1 0 1
1467 5 4 1
4251 12 11 1
1776 14 13 1
1355 10 9 1
1287 2 1 1
3797 4 3 1
4786 13 12 1
3534 9 8 1
1791 11 10 1
987 6 5 1
4455 7 6 1
1528 3 2 1
700 3 1 1
2669 8 6 1
4006 10 8 1
3427 7 5 1
3674 6 4 1
876 12 10 1
3664 5 3 1
4810 2 0 1
1954 4 2 1
5043 13 11 1
2848 9 7 1
265 14 12 1
1307 11 9 1
1762 7 4 1
2241 13 10 1
760 15 12 1
2067 14 11 1
2904 5 2 1
3495 6 3 1
1569 8 5 1
3231 10 7 1
4841 19 12 1
716 12 9 1
4283 3 0 1
1243 11 8 1
1041 4 1 1
1733 9 6 1
3141 14 10 1
2568 19 11 1
4559 4 0 1
2102 18 12 1
435 5 1 1
2537 10 6 1
4905 16 12 1
841 7 3 1
2524 15 11 1
1071 6 2 1
2723 9 5 1
2859 11 7 1
4340 8 4 1
3661 13 9 1
564 12 8 1
2331 12 7 1
3537 15 10 1
1995 8 3 1
902 19 10 1
4957 16 11 1
3410 6 1 1
1189 10 5 1
3052 17 12 1
3710 5 0 1
5042 11 6 1
190 9 4 1
1897 18 11 1
2819 14 9 1
3564 13 8 1
4422 7 2 1
1001 16 10 1
997 8 2 1
5050 10 4 1
3304 6 0 1
1430 12 6 1
2171 13 7 1
4828 15 9 1
2249 17 11 1
830 14 8 1
44 11 5 1
1224 19 9 1
3415 9 3 1
3658 18 10 1
3702 7 1 1
4403 16 9 1
695 8 1 1
1512 7 0 1
3361 12 5 1
3331 11 4 1
522 17 10 1
2670 14 7 1
2949 9 2 1
262 18 9 1
2238 19 8 1
2186 15 8 1
4141 13 6 1
667 10 3 1
1106 10 2 1
3551 13 5 1
871 11 3 1
2142 18 8 1
1444 17 9 1
4285 15 7 1
755 12 4 1
942 8 0 1
1299 9 1 1
4976 16 8 1
477 14 6 1
4749 19 7 1
3576 18 7 1
1168 10 1 1
1800 15 6 1
3445 9 0 1
3521 17 8 1
4250 14 5 1
991 16 7 1
2456 19 6 1
61 12 3 1
3376 13 4 1
1875 11 2 1
2187 15 5 1
2366 14 4 1
3609 16 6 1
1806 10 0 1
487 11 1 1
2668 13 3 1
448 18 6 1
2346 12 2 1
682 19 5 1
631 17 7 1
3843 18 5 1
4998 16 5 1
135 14 3 1
1687 15 4 1
1048 12 1 1
3640 17 6 1
1233 19 4 1
4116 13 2 1
4168 11 0 1
4052 19 3 1
188 14 2 1
3622 18 4 1
936 15 3 1
2727 12 0 1
3968 17 5 1
4169 13 1 1
1213 16 4 1
2024 18 3 1
2407 14 1 1
4839 15 2 1
2992 13 0 1
4268 16 3 1
4432 19 2 1
210 17 4 1
2610 17 3 1
3964 18 2 1
4060 14 0 1
4650 19 1 1
1123 16 2 1
1838 15 1 1
1457 17 2 1
3332 15 0 1
4720 18 1 1
3301 19 0 1
2803 16 1 1
1176 18 0 1
2103 16 0 1
4065 17 1 1
2576 17 0 1
1849 16 1 4
2172 15 1 5
4792 18 1 5
139 19 0 5
3742 18 0 5
4324 19 1 6
4394 14 1 6
217 15 2 6
538 19 2 6
4088 16 2 6
204 18 2 6
3936 14 2 7
1840 19 4 7
4956 13 2 7
1586 16 4 7
3452 19 3 7
3924 18 4 7
2600 13 1 7
3738 18 3 7
1554 10 0 8
4194 19 5 8
4627 18 6 8
3056 12 2 8
4917 13 3 8
1088 11 0 8
2756 18 5 8
832 16 5 8
4992 15 4 8
2710 14 3 8
703 15 3 8
6 16 3 8
2272 12 3 9
4172 12 4 9
4655 13 4 9
151 8 0 9
2262 14 4 9
242 9 0 9
561 19 6 9
4229 14 5 9
4526 19 7 9
4954 16 8 9
4856 15 5 9
851 14 6 9
3720 15 6 9
2167 11 2 9
2370 18 7 9
5102 16 6 9
1136 13 6 10
4962 13 5 10
1023 12 5 10
3930 7 0 10
4112 19 9 10
4380 9 3 10
4421 16 9 10
1681 19 8 10
2585 18 9 10
508 15 8 10
3266 14 7 10
1170 9 2 10
4462 18 8 10
4941 15 7 10
1935 16 7 10
531 12 7 11
488 13 7 11
1668 13 8 11
2388 14 8 11
3167 12 6 11
4502 5 0 11
2291 11 6 11
1259 6 0 11
1402 11 5 11
775 19 10 11
1191 18 11 11
3277 16 11 11
852 6 1 11
5066 7 2 11
23 9 4 11
2799 10 5 11
750 11 4 11
1928 10 4 11
4690 18 10 11
2933 7 1 11
2149 11 3 11
2977 10 3 11
2897 10 2 11
3010 12 0 11
296 18 3 11
2454 10 7 12
121 11 7 12
3965 10 6 12
2717 19 11 12
229 19 12 12
4816 16 12 12
4218 18 12 12
2598 15 11 12
4581 15 9 12
1778 17 12 12
4525 17 11 12
4066 14 2 12
609 19 4 12
179 13 2 12
1851 16 4 12
681 18 4 12
4719 2 0 13
2925 3 0 13
854 3 1 13
765 4 0 13
59 10 8 13
1994 4 1 13
1105 11 8 13
3706 9 7 13
3310 11 9 13
4817 12 8 13
3792 5 1 13
4375 12 9 13
4335 15 12 13
421 9 6 13
4202 7 6 13
335 6 5 13
801 13 9 13
1659 13 11 13
1789 9 5 13
2926 14 12 13
4057 7 5 13
2922 5 3 13
4776 14 9 13
804 7 4 13
4946 14 11 13
4542 15 2 13
2543 19 2 13
1288 16 2 13
807 18 2 13
4253 0 0 14
4515 1 0 14
2490 14 14 14
3874 3 3 14
5018 10 9 14
4767 4 3 14
1739 7 7 14
479 11 11 14
4695 14 1 14
4939 19 1 14
3812 18 1 14
168 19 0 14
4042 18 0 14
954 15 14 15
34 14 15 15
4224 0 1 15
337 1 1 15
928 1 3 15
850 2 1 15
2820 6 7 15
66 2 3 15
2665 9 10 15
2876 9 9 15
4125 6 6 15
525 12 14 15
2566 9 8 15
361 8 9 15
591 3 4 15
3363 10 11 15
2700 12 13 15
4829 5 6 15
3750 5 5 15
2375 10 10 15
1298 11 10 15
1548 15 1 15
2720 16 1 15
2881 15 15 16
2194 16 15 16
357 14 17 16
482 9 11 16
1351 16 14 16
3808 8 11 16
3998 12 15 16
295 8 10 16
744 2 4 16
3227 10 13 16
2114 2 5 16
4609 3 6 16
164 4 6 16
749 3 5 16
1158 4 5 16
315 4 4 16
3966 5 4 16
891 6 4 16
364 18 14 17
3085 13 17 17
15 9 13 17
2872 5 9 17
1979 6 9 17
426 2 6 18
312 1 6 18
4854 1 5 18
3049 16 16 18
2972 1 4 18
2943 8 13 18
1102 4 9 18
138 7 11 18
49 4 8 18
1097 14 19 19
1077 17 16 19
935 18 15 19
3032 17 15 19
3734 17 14 19
4369 12 17 19
4563 12 16 19
1377 10 15 19
2083 6 11 19
3480 12 18 20
152 19 15 20
1634 16 18 20
4910 19 14 20
4968 19 13 20
471 0 6 20
5003 2 8 20
3510 3 8 20
4376 18 13 20
212 0 5 20
4842 8 14 20
1190 10 16 20
2022 0 4 20
4821 5 11 20
1924 17 13 20
1085 16 13 20
4003 0 3 20
1946 15 13 20
3577 0 2 20
3369 14 13 20
1161 1 2 20
4858 2 2 20
4148 3 2 20
2107 4 2 20
955 5 2 20
3855 6 2 20
722 6 3 20
2205 7 3 20
675 19 16 21
4010 18 16 21
4310 17 18 21
2984 0 7 21
4430 2 9 21
376 3 9 21
3343 4 11 21
2554 9 15 21
4000 9 14 21
2286 10 14 21
3976 12 19 22
4938 13 19 22
1329 16 19 22
3844 13 18 22
1232 9 16 22
1601 1 9 22
4435 15 19 22
813 14 18 22
1380 8 16 22
4612 15 18 22
3780 8 15 22
1221 3 11 22
1474 11 19 22
2116 7 15 22
3038 6 13 22
2277 11 18 22
2367 19 17 23
4142 6 14 23
2462 12 0 23
2016 18 3 23
940 17 19 24
3727 19 18 24
3849 1 10 24
4762 10 19 24
4892 8 17 24
1519 10 18 24
1526 11 4 24
1323 18 10 24
1978 11 3 24
2504 19 2 24
597 18 2 24
1597 2 11 25
2599 4 13 25
2753 7 16 25
4325 7 15 25
2412 7 14 25
3773 7 13 25
2544 5 3 25
2973 14 9 25
4204 14 11 25
4625 7 4 25
2970 6 3 25
2698 7 3 25
3567 10 5 25
569 10 4 25
5049 10 3 25
180 15 7 25
4176 10 2 25
77 16 7 25
68 18 7 25
2092 15 2 25
3148 16 2 25
1701 19 19 26
3221 18 19 26
4099 0 10 26
4949 18 18 26
31 0 9 26
551 18 17 26
3400 0 8 26
259 4 14 26
853 9 19 26
4425 17 17 26
1499 1 8 26
4094 16 17 26
1446 15 17 26
4339 1 7 26
3618 15 16 26
1286 2 7 26
374 3 7 26
3440 14 16 26
574 4 7 26
2230 13 16 26
2284 13 15 26
669 5 7 26
2794 13 14 26
3319 5 8 26
2639 6 8 26
4833 13 13 26
258 9 4 26
3550 16 11 26
2177 7 2 26
4633 11 2 26
3569 7 17 27
432 7 16 27
4053 4 15 27
3949 9 2 27
255 18 8 27
4319 14 6 27
1160 16 3 27
1666 7 18 28
886 8 19 28
5012 2 13 28
3611 6 15 28
3950 0 11 28
2379 1 11 28
944 8 18 28
548 2 11 28
3653 9 18 28
1941 2 10 28
1510 9 17 28
4779 10 17 28
3816 3 10 28
1999 11 17 28
523 4 10 28
2400 11 16 28
3815 5 10 28
1970 6 10 28
1325 11 15 28
1725 11 14 28
1214 7 10 28
4788 11 13 28
2547 7 9 28
1998 7 8 28
873 8 8 28
3387 12 11 28
1685 7 6 28
3265 13 9 28
194 18 11 28
3023 18 9 28
3915 15 8 28
3417 14 7 28
3358 15 7 28
2106 14 3 28
2057 15 6 28
4131 16 6 28
3235 15 5 28
3730 15 3 28
3089 16 5 28
4802 0 12 29
4590 4 16 29
85 15 12 29
572 14 12 29
1491 11 5 29
86 9 6 29
5014 10 5 29
1544 9 5 29
33 6 0 29
4424 19 10 29
2458 18 10 29
2248 16 8 29
2797 18 5 29
674 1 13 30
825 1 12 30
3407 2 12 30
701 5 1 30
840 11 0 30
431 15 1 30
3608 16 1 30
3717 19 0 30
1877 18 0 30
155 6 16 31
3026 4 5 31
2656 10 10 31
3583 11 9 31
148 11 10 31
4561 14 2 31
186 19 4 31
3549 18 4 31
3013 7 19 32
646 6 19 32
2015 6 18 32
3857 5 18 32
449 1 14 32
2193 6 17 32
462 3 16 32
2387 3 15 32
54 6 11 32
1227 6 10 32
396 3 5 32
2295 10 11 32
1525 7 10 32
2942 7 9 32
3439 12 13 32
1295 7 8 32
442 6 4 32
390 9 7 32
2030 15 9 32
4196 14 5 32
1904 19 1 32
1676 18 1 32
1314 3 6 33
2056 4 6 33
3574 5 6 33
5004 11 8 33
2680 12 8 33
899 15 11 33
908 16 9 33
3671 19 8 33
1390 13 3 33
1545 13 2 33
1200 13 0 33
677 0 13 34
3799 0 14 34
292 4 18 34
1775 2 16 34
1773 2 15 34
1343 10 15 34
3514 2 5 34
2032 12 17 34
1384 12 16 34
1121 2 4 34
4165 11 15 34
1993 3 4 34
1841 10 13 34
3054 13 16 34
1715 11 14 34
1664 11 11 34
3257 13 15 34
1651 11 13 34
4978 4 4 34
3561 5 4 34
4864 1 2 34
1848 11 5 34
3213 5 5 34
691 7 7 34
1056 19 11 34
2072 4 1 34
3461 19 12 34
3952 18 12 34
4097 16 12 34
3541 6 2 34
1963 17 12 34
2443 17 11 34
5081 19 6 34
588 19 7 34
706 18 7 34
2090 12 6 35
2223 11 6 35
30 9 8 35
455 10 6 35
898 10 5 35
387 4 3 35
3169 9 5 35
1703 7 2 35
3286 16 11 35
4456 14 8 35
2415 9 0 35
584 14 7 35
1081 15 7 35
3994 15 6 35
590 11 2 35
4853 15 5 35
3697 1 16 36
3238 2 17 36
3497 5 19 36
4347 5 18 36
1623 6 6 36
809 6 5 36
474 7 5 36
4303 9 3 36
3749 8 0 36
1570 5 7 37
1644 12 15 37
1370 10 9 37
3682 11 7 37
3897 10 8 37
610 9 9 37
1082 11 8 37
4584 12 8 37
1293 12 9 37
3308 12 10 37
3050 4 0 37
779 5 0 37
2275 9 4 37
397 12 2 37
3393 4 19 38
4987 3 19 38
4979 3 18 38
4500 9 15 38
2552 3 3 38
3654 0 16 39
3513 1 17 39
2520 0 15 39
3681 1 15 39
20 1 14 39
1028 2 14 39
3798 3 14 39
4367 3 13 39
4024 0 7 39
95 3 12 39
3044 4 12 39
4353 4 11 39
3131 2 9 39
558 3 9 39
3781 18 13 39
3647 4 9 39
2390 0 5 39
3315 0 4 39
2362 0 3 39
4709 14 14 39
98 19 9 39
1639 19 8 39
4818 19 5 39
4934 19 7 39
2772 19 6 39
1698 18 6 39
2495 2 18 40
1080 2 17 40
243 3 17 40
2281 4 17 40
3184 5 17 40
2269 5 16 40
2250 5 15 40
866 11 19 40
5044 11 18 40
884 11 17 40
4134 11 16 40
2222 6 13 40
745 17 16 40
1716 17 15 40
80 17 14 40
4113 3 8 40
2326 16 14 40
3390 6 7 40
3614 2 3 40
1291 2 1 40
1670 12 4 40
1931 13 4 40
4298 14 4 40
4597 15 4 40
3132 16 4 40
858 9 19 41
2496 4 14 41
1118 9 18 41
589 5 14 41
2939 17 17 41
330 9 17 41
596 8 16 41
1327 3 11 41
2734 2 8 41
2907 16 17 41
2031 8 15 41
3072 4 11 41
1019 10 17 41
2308 8 14 41
3188 5 11 41
2276 9 14 41
2499 6 11 41
3177 7 11 41
3009 0 8 42
3779 14 18 42
4508 0 6 42
1255 19 13 42
2649 18 13 42
37 0 5 42
1254 0 4 42
2050 16 5 42
552 15 19 43
1943 9 11 43
4413 0 0 43
2211 1 0 43
1956 1 1 43
1183 10 4 43
3150 10 3 43
5077 10 2 43
1727 16 6 43
3134 19 2 43
920 18 2 43
641 1 9 44
4070 1 8 44
2221 1 7 44
1988 2 7 44
2714 9 16 44
4514 3 7 44
125 10 16 44
5063 4 7 44
153 3 0 44
1234 3 1 44
747 6 3 44
4688 7 3 44
2473 7 0 44
3975 18 9 44
2733 15 8 44
3716 15 7 44
460 16 7 44
3593 16 3 44
202 19 1 44
2834 18 1 44
4211 1 18 45
1094 17 18 45
1480 8 13 45
1799 18 11 45
4186 12 5 45
2689 14 6 45
1130 14 5 45
1950 18 5 45
3871 2 19 46
1653 2 18 46
3435 2 17 46
3877 3 17 46
2081 4 17 46
4599 5 17 46
1485 5 16 46
4296 5 15 46
3568 13 18 46
4009 5 14 46
3024 5 13 46
1206 19 14 46
3775 5 12 46
4295 6 12 46
81 19 13 46
4764 1 4 46
618 18 13 46
1115 17 13 46
4691 0 4 46
69 0 3 46
2158 0 2 46
2319 9 7 46
3699 7 6 46
1632 13 8 46
89 12 11 46
4489 13 9 46
2459 14 11 46
245 5 1 46
2655 11 3 46
3651 12 3 46
1795 18 7 46
1567 16 19 47
594 15 19 47
4628 15 18 47
1772 15 16 47
2997 16 12 47
3548 18 10 47
1585 16 8 47
2950 13 5 47
5020 10 0 47
2553 10 18 48
1873 10 17 48
802 10 16 48
735 7 13 48
159 10 15 48
4248 10 14 48
4133 11 14 48
3242 2 0 48
874 12 14 48
2606 3 0 48
4145 7 7 48
4756 3 1 48
2574 4 1 48
2979 5 3 48
4657 14 9 48
3425 18 8 48
4760 19 16 49
129 0 9 49
333 2 11 49
3691 1 9 49
924 18 18 49
1075 2 10 49
111 18 16 49
2098 1 8 49
4636 3 10 49
4167 4 10 49
3991 5 10 49
2192 5 11 49
3733 6 11 49
3351 16 15 49
1400 7 11 49
4926 16 14 49
244 16 13 49
2968 8 11 49
208 15 13 49
4041 8 10 49
1226 14 13 49
3722 12 13 49
1338 8 9 49
4220 5 5 49
2822 11 5 49
116 9 2 49
4567 11 4 49
3669 12 4 49
3025 13 4 49
1053 16 18 50
1038 0 1 50
3406 0 2 50
2823 11 13 50
909 19 10 50
5107 19 11 50
821 19 12 50
156 18 12 50
278 17 12 50
607 17 11 50
5076 15 5 50
3289 19 5 50
1832 11 2 50
3108 16 16 51
2333 1 5 51
2261 7 10 51
1539 10 11 51
2677 1 4 51
1962 7 9 51
464 1 3 51
593 1 2 51
2842 2 2 51
3511 3 2 51
811 4 2 51
2127 5 2 51
3867 6 2 51
3193 6 1 51
4972 19 9 51
2697 7 1 51
1757 14 7 51
371 19 8 51
2556 15 6 51
2978 14 6 51
4406 19 7 51
2867 14 5 51
1489 19 6 51
4654 14 4 51
2866 18 6 51
3987 14 3 51
1648 18 4 51
3394 15 3 51
3313 15 2 51
1222 16 2 51
1989 0 10 52
3557 0 9 52
4477 7 14 52
975 8 18 52
514 6 14 52
1906 8 17 52
3115 12 19 52
1864 13 19 52
2342 8 16 52
3060 13 18 52
2548 9 16 52
1872 5 9 52
368 10 7 52
1264 10 8 52
254 14 14 52
1280 3 5 52
3295 11 8 52
48 13 7 52
2093 12 8 52
4093 9 0 52
1581 12 0 52
3232 19 4 52
1087 14 2 52
2091 19 3 52
2487 18 3 52
708 1 19 53
3698 2 19 53
602 2 18 53
3122 10 19 53
1565 10 18 53
3693 10 17 53
3516 14 19 53
895 11 15 53
2111 10 16 53
4953 14 18 53
1120 10 15 53
3312 10 14 53
1654 6 10 53
2911 11 10 53
4660 10 13 53
3846 6 9 53
4632 2 4 53
4241 11 11 53
4095 14 8 53
1571 13 8 53
794 13 9 53
509 7 2 53
2064 16 11 53
2294 19 0 53
1138 18 0 53
4793 0 18 54
451 0 17 54
4438 1 17 54
2486 2 17 54
4635 19 15 54
1649 19 16 54
4402 1 10 54
253 1 9 54
3708 1 8 54
3374 1 7 54
3602 2 7 54
4334 3 7 54
2245 4 7 54
4765 12 17 54
1109 12 16 54
1615 9 3 55
4249 8 0 55
3281 14 1 55
4955 16 1 55
317 19 18 56
2743 19 17 56
4540 18 17 56
3144 17 17 56
281 2 9 56
3464 3 9 56
3147 4 9 56
2489 1 6 56
1270 1 5 56
3181 1 4 56
3819 13 16 56
4997 2 4 56
4682 9 5 56
1398 7 5 56
223 11 0 56
4197 15 1 56
3807 2 15 57
2809 3 15 57
1262 6 17 57
4037 17 19 57
3629 8 14 57
3573 15 15 57
1277 17 10 57
3105 12 2 57
2990 13 3 57
3311 13 2 57
1588 1 12 58
566 2 12 58
2201 11 9 58
1599 11 10 58
4837 3 3 58
849 11 11 58
4539 3 4 58
1016 9 4 58
4784 18 19 59
392 4 15 59
4484 17 19 59
3732 3 13 59
3234 3 12 59
26 0 7 59
1395 16 19 59
2181 16 18 59
211 7 15 59
3409 1 7 59
3892 4 12 59
246 16 17 59
1726 8 15 59
4781 15 17 59
2460 9 15 59
363 9 14 59
1127 14 17 59
2807 14 16 59
941 15 11 59
4964 15 4 59
5085 16 4 59
1312 1 11 60
3142 1 10 60
2315 1 9 60
1453 2 9 60
489 2 8 60
2699 2 7 60
3016 3 7 60
4379 15 14 60
2760 4 7 60
2974 6 0 60
2493 5 0 60
2900 4 0 60
2417 14 12 60
3414 9 6 60
93 4 1 60
2798 5 4 60
3810 3 18 61
2612 4 18 61
3678 3 11 61
3839 4 11 61
4725 2 6 61
3981 5 11 61
4215 6 11 61
2325 1 6 61
4344 2 1 61
1423 9 13 61
550 1 5 61
4893 6 10 61
3942 2 2 61
5015 2 3 61
2208 1 4 61
4622 6 9 61
687 2 4 61
2316 4 5 61
4733 3 4 61
1328 5 6 61
4091 10 10 61
2836 4 4 61
3737 6 6 61
4995 11 10 61
4318 6 5 61
4811 4 3 61
1414 4 2 61
4233 6 4 61
2853 7 4 61
2780 19 1 61
2569 18 1 61
3465 0 14 62
4008 1 14 62
4752 5 19 62
3539 6 15 62
2431 9 17 62
4492 10 17 62
4046 10 16 62
2018 3 8 62
2805 4 8 62
2626 6 7 62
2528 11 7 62
3692 9 9 62
5045 9 8 62
617 18 2 62
1580 1 16 63
3405 6 18 63
3833 5 18 63
5113 17 16 63
1722 17 15 63
3770 6 13 63
932 17 14 63
3176 16 14 63
1337 15 14 63
2079 15 15 63
730 11 6 63
3961 10 6 63
2561 10 5 63
84 9 5 63
2695 19 4 63
4621 12 0 63
956 18 4 63
1557 14 2 63
1692 2 13 64
3805 3 19 64
1578 3 18 64
1504 7 16 64
3450 6 16 64
3121 14 14 64
4918 3 5 64
3195 13 7 64
814 10 9 64
5106 12 7 64
2026 10 10 64
4565 11 10 64
1656 12 3 64
694 9 0 64
5013 11 3 64
4004 11 2 64
1937 18 7 64
257 16 6 64
1496 19 2 64
439 19 3 64
1241 16 3 64
4144 18 3 64
1005 3 14 65
1393 2 14 65
2765 5 9 65
661 10 7 65
2335 5 8 65
1942 10 8 65
4647 6 8 65
1054 11 8 65
2267 7 8 65
1883 12 8 65
2789 12 11 65
4401 12 9 65
4175 5 1 65
1353 12 10 65
2302 13 10 65
4150 11 5 65
4237 9 2 65
2237 13 6 65
1717 11 4 65
3931 14 6 65
4982 14 5 65
4199 16 7 65
2118 19 5 65
342 18 5 65
665 1 15 66
828 2 15 66
4482 8 16 66
1410 5 5 66
5079 6 5 66
1304 15 12 66
4368 7 6 66
4033 6 4 66
2240 13 11 66
1618 14 9 66
3392 7 4 66
353 19 8 66
3183 12 5 66
3547 19 7 66
2737 12 4 66
4147 18 8 66
329 19 6 66
2430 13 4 66
4727 18 6 66
2402 14 4 66
3198 14 3 66
1509 3 1 67
3079 2 1 67
3694 2 2 67
1879 12 15 67
2353 12 13 67
833 9 7 67
2530 7 7 67
2782 4 2 67
4538 18 11 67
3760 16 9 67
2130 0 19 68
3395 0 18 68
1737 0 17 68
327 1 17 68
1675 13 17 68
1454 0 3 68
2338 1 3 68
2432 2 3 68
2885 8 10 68
1647 8 9 68
1669 10 4 68
2184 14 7 68
3646 10 3 68
236 10 2 68
4990 16 5 68
4439 0 15 69
2094 7 19 69
4301 1 15 69
3476 1 16 69
4064 6 19 69
71 2 16 69
3362 6 18 69
4231 3 17 69
4661 5 18 69
3937 3 16 69
3562 4 17 69
3091 4 16 69
4873 5 17 69
2503 5 16 69
2235 5 15 69
3058 12 19 69
2587 13 19 69
1760 11 16 69
3668 18 14 69
3806 17 14 69
897 16 14 69
2077 15 14 69
4486 10 0 69
1766 6 14 70
1546 12 18 70
3267 13 18 70
541 14 18 70
1020 0 6 70
640 0 5 70
4860 1 5 70
3784 19 9 70
2009 19 10 70
1506 19 11 70
3379 19 12 70
926 18 12 70
2129 17 12 70
4314 17 11 70
763 13 5 70
1781 13 4 70
3755 14 4 70
4234 19 19 71
4313 18 19 71
4966 9 18 71
4333 8 19 71
2608 17 19 71
3433 8 18 71
4056 16 19 71
2239 8 17 71
537 8 16 71
3377 1 0 71
4433 3 0 71
3523 3 1 71
1748 1 1 71
422 2 1 71
1167 0 4 71
4193 1 4 71
2650 18 9 71
67 15 8 71
639 15 7 71
3759 15 6 71
3554 15 5 71
2852 15 4 71
3330 15 3 71
2766 15 2 71
657 16 2 71
2355 7 11 72
463 8 11 72
4806 16 15 72
206 8 10 72
5084 8 9 72
711 7 0 72
2551 7 1 72
2216 1 13 73
1368 2 13 73
1628 2 14 73
4865 2 15 73
2685 2 16 73
4836 7 14 73
912 6 14 73
299 0 9 73
5011 17 18 73
2159 16 18 73
1609 1 9 73
963 3 10 73
1122 2 9 73
2854 16 17 73
1531 4 10 73
4534 15 17 73
2007 2 8 73
1828 14 17 73
1470 8 13 73
4183 3 8 73
3919 5 10 73
3615 3 2 73
889 5 9 73
2019 14 16 73
2386 4 8 73
4967 14 15 73
1228 6 1 73
4018 18 10 73
1319 16 8 73
3275 19 0 73
2584 18 0 73
5047 4 19 74
2565 3 19 74
4481 3 18 74
1850 3 17 74
3097 3 16 74
218 4 16 74
1378 5 16 74
1147 5 15 74
2190 1 2 74
3099 2 2 74
1150 18 13 74
3881 2 3 74
2863 3 6 74
862 6 8 74
619 17 13 74
2191 2 4 74
1305 4 6 74
3217 3 4 74
350 4 4 74
4348 4 3 74
4847 5 3 74
1223 5 2 74
2185 6 2 74
2625 7 2 74
2722 7 18 75
824 7 17 75
443 11 18 75
4451 8 17 75
1029 11 17 75
3885 8 16 75
3371 11 16 75
1273 9 16 75
5016 18 16 75
3744 10 16 75
1523 17 16 75
3711 17 15 75
3796 16 15 75
918 11 13 75
4670 16 14 75
3248 16 13 75
4908 15 13 75
4914 14 13 75
1730 13 8 75
1753 13 9 75
4714 4 14 76
4587 7 9 76
1155 7 8 76
741 14 8 76
2724 14 9 76
1959 16 12 76
1663 16 11 76
1779 15 1 76
3470 4 13 77
3581 15 18 77
4236 14 19 77
3467 15 16 77
4564 12 14 77
167 15 11 77
4723 16 4 77
1303 18 3 77
2482 0 12 78
29 1 12 78
4613 1 13 78
493 2 13 78
247 2 14 78
2161 2 15 78
3594 2 10 78
2115 2 9 78
1060 9 14 78
1552 12 17 78
545 12 16 78
1283 12 15 78
2637 9 10 78
1971 8 10 78
4589 8 9 78
1142 6 5 78
4294 11 0 78
3192 12 2 78
3260 16 3 78
2591 1 7 79
1638 4 12 79
2914 8 14 79
1629 10 11 79
104 9 6 79
1084 12 6 79
4078 12 5 79
4188 14 2 79
172 19 3 79
859 14 1 79
3133 19 2 79
1738 18 2 79
4706 16 1 79
688 0 16 80
648 1 16 80
3486 9 19 80
5051 10 19 80
3634 10 18 80
4820 18 18 80
3580 6 0 80
1771 5 0 80
250 17 18 80
3444 16 18 80
3595 4 0 80
3782 7 15 80
3765 4 1 80
600 15 18 80
3138 14 15 80
2150 9 9 80
3250 9 8 80
1813 7 5 80
1788 8 0 80
4121 18 7 80
286 16 6 80
438 19 5 80
2058 18 5 80
4894 11 19 81
5072 11 18 81
1163 0 0 81
2228 19 16 81
4490 19 15 81
2474 18 15 81
4899 17 15 81
3322 11 7 81
1558 11 8 81
2166 12 8 81
3438 13 8 81
2429 14 8 81
3645 14 9 81
3584 16 7 81
1311 19 4 81
1592 18 4 81
2215 12 0 81
1610 0 13 82
4411 1 13 82
580 2 13 82
1591 2 14 82
3005 2 15 82
2320 2 16 82
74 6 17 82
3992 7 17 82
1907 8 17 82
3432 0 7 82
2579 8 16 82
496 8 15 82
4981 9 15 82
823 6 10 82
4608 4 7 82
415 6 9 82
1242 6 7 82
1495 6 6 82
2401 4 5 82
1310 7 3 82
1359 14 6 82
1432 14 5 82
2721 19 1 82
1219 18 1 82
4305 3 7 83
769 4 9 83
3721 11 5 83
1688 9 5 83
1707 11 4 83
287 8 3 83
2916 8 2 83
3162 13 6 83
2416 9 2 83
10 8 1 83
740 9 1 83
2117 13 5 83
4536 13 4 83
2740 11 2 83
1240 13 3 83
3558 13 2 83
2322 0 10 84
2084 0 9 84
3830 2 0 84
1278 1 0 84
1458 1 1 84
601 10 15 84
170 1 2 84
5075 16 16 84
2455 9 13 84
4870 16 15 84
534 11 11 84
4495 16 14 84
261 15 8 84
5060 14 4 84
4271 14 3 84
1268 1 19 85
1010 2 19 85
5058 17 17 85
3340 9 17 85
3903 17 18 85
5067 10 17 85
2739 11 17 85
598 16 18 85
1801 11 16 85
916 15 18 85
5068 3 9 85
1898 11 15 85
3210 11 14 85
2236 1 6 85
3458 10 14 85
3482 19 13 85
1452 1 3 85
742 1 5 85
2833 2 2 85
710 2 3 85
1315 17 14 85
2515 15 14 85
2314 17 12 85
222 18 9 85
1394 14 7 85
831 9 0 85
759 15 7 85
2351 10 0 85
615 15 6 85
1318 15 5 85
1014 15 4 85
3986 16 5 85
2829 15 3 85
725 15 2 85
2312 16 2 85
2832 19 0 85
4568 18 0 85
1936 1 18 86
1543 2 18 86
2752 2 11 86
4913 2 10 86
3879 1 10 86
485 12 19 86
1365 13 19 86
4932 2 7 86
2674 2 1 86
4686 18 14 86
2898 18 13 86
2686 17 13 86
906 16 13 86
3938 11 9 86
820 15 13 86
3963 14 13 86
966 19 12 86
5025 18 12 86
1893 15 9 86
4329 16 9 86
3429 16 8 86
504 5 19 87
2549 4 19 87
1987 3 19 87
1309 3 18 87
1846 3 17 87
1379 4 17 87
969 6 15 87
419 6 1 87
2089 5 1 87
773 4 1 87
4630 3 0 87
4761 14 16 87
1151 3 1 87
2751 19 11 87
3954 12 4 87
3040 12 3 87
512 18 11 87
365 17 11 87
91 11 3 87
4463 18 8 87
2681 6 11 88
4878 5 10 88
595 4 2 88
3571 6 10 88
2365 5 9 88
2958 7 10 88
5059 3 2 88
2915 3 3 88
1225 7 9 88
2981 7 7 88
160 19 10 88
2472 18 10 88
2729 1 14 89
970 1 11 89
416 1 10 89
3211 0 10 89
2292 0 9 89
520 0 8 89
1407 1 8 89
1184 0 2 89
3157 2 8 89
2470 8 13 89
3910 0 3 89
4556 3 8 89
3529 4 8 89
986 6 3 89
307 0 17 90
5030 3 12 90
3627 1 17 90
1125 2 12 90
3835 8 18 90
1835 8 17 90
3566 9 17 90
817 10 17 90
2963 11 17 90
3501 9 11 90
1686 9 10 90
220 13 7 90
2363 9 9 90
239 12 7 90
3899 12 8 90
2563 9 7 90
1938 12 9 90
2296 0 14 91
3397 1 14 91
5093 5 11 91
5005 15 17 91
1239 0 5 91
1598 3 5 91
2243 12 11 91
1076 13 11 91
2535 7 2 91
2160 8 2 91
2703 19 9 91
198 19 8 91
4826 19 7 91
4299 19 6 91
476 18 6 91
1792 19 2 91
915 18 2 91
2297 16 1 91
881 0 19 92
404 0 18 92
4468 1 18 92
2808 1 15 92
1985 2 18 92
2580 6 19 92
3237 3 18 92
2879 6 18 92
2334 3 17 92
1870 16 17 92
2435 5 18 92
3803 5 17 92
3033 3 10 92
3292 4 10 92
4684 5 10 92
4678 5 9 92
3196 6 2 92
3778 5 2 92
341 5 3 92
4223 7 6 92
433 11 6 92
599 12 2 92
982 16 3 92
3613 13 0 92
1782 3 13 93
4154 2 13 93
4062 2 14 93
983 2 17 93
2817 2 15 93
4020 2 16 93
4187 3 16 93
2476 4 16 93
2162 0 1 93
1420 0 2 93
2804 0 3 93
1212 0 4 93
4192 14 14 93
3538 9 8 93
3137 4 3 93
3869 15 12 93
3736 6 5 93
447 7 5 93
3225 8 0 93
1218 8 1 93
1066 11 0 93
507 18 7 93
4614 19 5 93
4791 16 6 93
4029 18 5 93
656 14 2 93
3526 19 3 93
1488 18 3 93
1180 19 1 93
3224 18 1 93
2948 19 18 94
4174 19 17 94
4844 18 17 94
2182 6 14 94
3074 1 9 94
2336 2 6 94
4385 10 14 94
536 14 15 94
3161 12 15 94
3203 10 13 94
671 4 5 94
864 13 9 94
3404 7 3 94
2448 16 10 94
767 17 10 94
4965 17 9 94
297 14 6 94
3441 14 5 94
2244 15 5 94
1235 12 0 94
4746 16 5 94
1034 16 4 94
1694 9 15 95
1340 7 19 95
4855 8 19 95
1431 8 18 95
