764275
2112
924 6 14 1
3283 14 19 1
1217 6 15 1
3892 7 14 1
2107 19 19 1
5014 15 19 1
1067 14 18 1
1407 8 14 1
2482 7 15 1
2656 6 16 1
2493 19 5 1
3432 19 9 1
2866 19 11 1
3914 6 17 1
2864 6 19 1
3026 7 16 1
3236 8 15 1
1708 5 14 1
337 15 18 1
677 16 19 1
2237 19 18 1
2690 19 10 1
1478 18 5 1
1237 18 9 1
4841 19 4 1
1703 18 11 1
4360 19 0 1
2673 18 19 1
4093 7 17 1
104 3 15 1
5041 4 14 1
5170 5 15 1
3156 19 17 1
3145 19 3 1
4180 6 18 1
625 19 1 1
3431 18 18 1
2878 17 19 1
345 7 19 1
2700 18 10 1
1401 8 16 1
252 18 4 1
3680 18 0 1
5029 16 18 1
1803 10 0 1
4011 17 9 1
4212 17 11 1
1442 17 0 1
2549 19 2 1
701 3 16 1
594 18 17 1
1851 18 3 1
675 4 15 1
4245 18 1 1
4873 17 18 1
1674 17 10 1
4213 5 16 1
1867 19 16 1
2958 16 17 1
782 16 9 1
55 7 18 1
885 8 17 1
4473 8 19 1
1582 10 1 1
3935 10 3 1
860 11 0 1
3224 19 12 1
3476 19 8 1
2195 16 0 1
754 11 1 1
1157 18 2 1
2229 17 17 1
3151 4 16 1
3103 19 15 1
2925 11 3 1
4669 10 2 1
852 5 17 1
3502 18 8 1
4426 5 19 1
971 18 12 1
609 9 19 1
968 17 1 1
719 18 16 1
823 19 7 1
4587 12 0 1
3413 3 17 1
1916 16 10 1
4550 19 13 1
3951 8 18 1
2284 15 9 1
3893 10 19 1
4745 19 6 1
389 16 1 1
1998 17 16 1
2663 17 12 1
1750 15 10 1
407 17 8 1
4948 16 11 1
364 5 18 1
1899 19 14 1
4010 15 0 1
4663 9 18 1
4781 17 2 1
2147 0 19 1
5048 4 19 1
2971 18 15 1
1301 4 17 1
795 18 13 1
3428 11 2 1
2003 13 0 1
3928 12 3 1
2258 18 7 1
3525 12 1 1
1570 9 17 1
3504 10 18 1
1384 16 16 1
3000 3 19 1
2600 16 12 1
2096 15 1 1
672 12 2 1
2481 1 19 1
2833 16 8 1
2477 13 1 1
1164 15 11 1
4159 15 17 1
4461 16 2 1
3789 18 14 1
310 11 19 1
1381 17 3 1
2635 4 18 1
15 17 15 1
1184 13 19 1
3342 18 6 1
238 0 18 1
1075 17 7 1
579 17 13 1
5130 14 0 1
565 13 10 1
130 13 2 1
1335 15 16 1
1873 15 12 1
4076 10 17 1
4020 14 1 1
1923 15 8 1
1315 12 19 1
4976 15 2 1
3726 13 18 1
1746 11 18 1
4918 14 17 1
1188 14 11 1
2162 2 19 1
1468 1 18 1
194 16 7 1
3313 16 13 1
4974 16 15 1
2086 0 17 1
2361 16 3 1
360 3 18 1
2432 17 4 1
3380 17 6 1
3444 17 14 1
2642 17 5 1
4475 14 2 1
3461 12 18 1
2611 13 11 1
2339 14 12 1
4634 16 14 1
1321 2 18 1
5002 11 17 1
2464 14 16 1
1443 13 3 1
3015 15 3 1
2939 13 17 1
2682 0 16 1
3886 16 4 1
3207 15 15 1
524 15 13 1
483 16 6 1
4353 1 17 1
452 15 7 1
3808 11 12 1
2596 13 4 1
4269 15 6 1
4492 13 12 1
2225 14 3 1
1070 12 17 1
3941 15 4 1
4343 15 14 1
338 14 13 1
5118 1 16 1
1059 14 15 1
1764 0 15 1
2532 16 5 1
2452 13 16 1
3496 2 17 1
3077 10 4 1
1297 12 16 1
4617 1 15 1
4597 14 4 1
1422 11 13 1
952 12 12 1
2727 13 15 1
5191 15 5 1
1473 0 14 1
1527 2 16 1
5134 13 13 1
949 14 14 1
1961 11 16 1
415 13 14 1
3111 12 13 1
4561 12 15 1
1521 11 4 1
693 14 5 1
2129 2 15 1
2118 10 5 1
3125 0 13 1
4320 1 14 1
2215 11 5 1
5152 0 12 1
5161 10 16 1
3770 12 14 1
959 10 6 1
1497 11 15 1
3834 14 6 1
4468 13 5 1
4721 2 14 1
2668 1 13 1
4683 12 4 1
1779 11 14 1
159 12 5 1
1052 3 14 1
2575 11 6 1
3319 3 0 1
438 10 15 1
2042 10 7 1
2502 9 16 1
4456 14 7 1
1970 0 11 1
1765 6 13 1
487 1 12 1
420 2 13 1
282 13 6 1
1363 7 10 1
1983 0 10 1
3934 13 7 1
2235 7 11 1
858 3 13 1
2979 7 13 1
4762 8 10 1
2969 1 11 1
2879 2 12 1
3148 2 0 1
583 6 12 1
346 14 10 1
210 14 8 1
2264 9 15 1
4751 0 0 1
188 5 13 1
591 10 14 1
5075 3 1 1
4531 11 7 1
27 0 6 1
2449 12 6 1
445 14 9 1
2677 1 0 1
129 0 1 1
4431 0 9 1
277 1 6 1
148 0 7 1
2279 3 12 1
4563 8 11 1
4988 8 13 1
572 1 10 1
2097 7 12 1
1077 2 1 1
2245 6 11 1
4807 5 12 1
3731 4 13 1
2854 9 14 1
3143 2 11 1
4271 13 8 1
1701 12 11 1
4936 12 7 1
3707 10 13 1
3401 5 11 1
2699 8 12 1
1731 12 10 1
4439 1 9 1
1993 0 2 1
4140 12 8 1
979 1 7 1
5200 6 10 1
3628 13 9 1
917 11 11 1
4706 1 1 1
3820 4 12 1
152 9 13 1
2565 3 11 1
5084 0 8 1
3564 2 10 1
1006 10 12 1
2335 1 2 1
1573 5 10 1
2537 0 3 1
1101 4 11 1
4067 6 9 1
3979 2 9 1
3192 3 10 1
2542 12 9 1
3364 11 10 1
724 9 12 1
3190 10 11 1
19 1 8 1
2389 0 4 1
318 3 9 1
3888 10 10 1
4436 9 11 1
4292 5 9 1
4695 1 3 1
4826 2 2 1
2306 4 10 1
833 11 9 1
4293 2 8 1
1945 1 4 1
848 2 7 1
1794 10 9 1
4900 4 9 1
1925 3 8 1
4582 9 10 1
4932 2 3 1
504 0 5 1
4445 3 2 1
74 11 8 1
14 9 9 1
3514 2 4 1
4259 10 8 1
5193 4 8 1
4927 2 6 1
641 3 7 1
1977 3 3 1
4484 1 5 1
4837 4 7 1
4073 4 3 1
5080 5 8 1
664 3 6 1
607 2 5 1
3384 8 9 1
3358 3 4 1
2314 9 8 1
1438 8 8 1
3282 9 7 1
5129 7 9 1
4949 5 7 1
2448 3 5 1
1608 4 4 1
3767 4 6 1
4397 6 8 1
804 9 6 1
511 8 7 1
2317 7 8 1
1823 4 5 1
4946 6 7 1
3032 5 6 1
128 7 7 1
3627 4 0 1
4848 6 6 1
649 8 6 1
4701 5 5 1
3006 5 0 1
4664 7 6 1
2410 4 1 1
2676 5 4 1
3228 6 5 1
1362 5 3 1
3409 4 2 1
4959 5 1 1
2633 6 0 1
1968 7 5 1
2192 6 4 1
2927 5 2 1
3712 8 5 1
2002 7 0 1
882 6 1 1
2711 7 4 1
4717 6 3 1
2874 9 5 1
1941 8 4 1
2450 6 2 1
3805 7 3 1
2223 7 1 1
3898 7 2 1
2072 8 3 1
79 9 4 1
2385 8 2 1
1885 9 3 1
525 8 1 1
2425 9 2 1
363 8 0 1
1995 9 1 1
4050 9 0 1
2920 9 2 5
3686 8 0 5
491 9 5 6
3695 9 4 6
779 6 2 6
1152 9 3 6
2000 5 0 7
3963 4 2 7
1102 5 5 7
1045 5 4 7
5082 7 6 7
267 6 0 7
2113 6 4 7
2554 7 0 7
1907 8 5 7
2438 6 1 7
3895 7 1 7
2460 7 2 7
3059 9 6 8
5079 4 4 8
1870 8 6 8
4188 7 9 8
1138 7 8 8
2991 6 8 8
4639 4 0 8
3900 5 7 8
5096 4 1 8
349 5 1 8
2065 5 2 8
2300 5 3 8
1027 6 3 8
3445 7 3 8
1071 4 3 9
1603 2 4 9
576 10 8 9
401 9 8 9
685 5 8 9
3520 3 7 9
2269 9 7 9
3398 11 8 10
2310 0 4 10
2847 1 3 10
3980 10 10 10
1487 3 9 10
4513 0 5 10
258 3 8 10
5136 3 2 10
2358 1 4 10
4348 1 5 10
3184 5 9 10
925 2 5 10
3518 0 3 11
659 0 2 11
3663 12 10 11
2640 10 12 11
369 6 9 11
428 10 11 11
4757 0 8 11
556 6 10 11
4842 2 10 11
818 2 9 11
2801 3 10 11
1645 5 10 11
573 7 4 11
2760 6 1 11
172 7 12 12
2746 10 13 12
2422 12 11 12
2255 13 8 12
1516 1 0 12
3420 11 11 12
638 0 6 12
4907 6 11 12
2937 1 10 12
334 11 10 12
4723 5 12 12
1633 2 11 12
1937 1 6 12
1096 0 7 12
1551 1 7 12
2935 5 11 12
2384 3 11 12
999 0 11 13
2344 6 12 13
2016 1 11 13
1176 2 13 13
50 10 7 13
2008 9 16 13
4442 13 6 13
1019 14 7 13
2632 7 10 13
106 6 13 13
1467 7 13 13
1150 7 11 13
499 8 10 13
52 9 15 13
634 3 1 13
5179 5 13 13
4585 0 0 13
2643 11 7 13
3962 13 7 13
1707 14 8 13
3043 0 10 13
263 14 10 13
2841 8 13 13
3004 8 11 13
111 14 9 13
86 0 1 13
4202 4 13 13
5110 0 9 13
4728 8 12 13
4409 1 9 13
1752 13 9 13
115 1 8 13
4367 2 8 13
595 2 7 13
2598 2 6 13
2270 3 6 13
3638 5 6 13
335 6 7 13
1697 6 6 13
2278 5 4 13
4560 6 4 13
4581 6 0 13
916 7 0 13
3760 6 3 13
1213 7 3 13
3453 7 1 13
2588 0 13 14
1079 14 6 14
2899 1 13 14
1047 10 5 14
1116 1 14 14
1345 12 15 14
3569 11 16 14
706 10 6 14
2211 12 4 14
3640 11 15 14
3501 0 12 14
1310 10 16 14
3112 11 6 14
2487 10 15 14
1985 3 0 14
4883 1 12 14
206 2 12 14
3169 2 0 14
3776 2 1 14
3675 1 1 14
329 1 2 14
4576 2 2 14
3857 2 3 14
1134 3 3 14
1203 3 4 14
4712 3 5 14
791 4 2 14
4595 5 2 14
1691 6 2 14
1737 9 5 14
4316 9 4 14
2150 7 2 14
4760 8 2 14
736 8 1 14
2965 8 0 14
4420 0 14 15
3537 0 15 15
2401 15 4 15
3511 14 13 15
3851 13 4 15
4782 10 4 15
1263 12 12 15
2997 1 15 15
3391 11 4 15
4520 11 5 15
4125 11 17 16
1771 0 16 16
803 12 16 16
4016 13 3 16
2138 14 12 16
4077 17 5 16
2560 15 15 16
3011 11 12 16
2914 1 16 16
2457 11 13 16
4870 12 13 16
3459 11 18 17
3029 12 18 17
569 0 17 17
33 14 11 17
4951 14 17 17
5157 16 3 17
881 16 7 17
3513 2 19 17
1421 17 14 17
3756 15 3 17
1769 1 17 17
500 0 18 18
1871 14 0 18
4109 18 6 18
2755 13 2 18
1236 13 10 18
2911 13 11 18
2093 13 12 18
1854 13 13 18
1991 11 2 19
3737 12 3 19
4416 9 17 19
4744 11 19 19
5047 12 2 19
2716 12 1 19
2140 4 19 19
3478 12 19 19
3692 13 0 19
1721 16 16 19
2724 17 3 19
3688 16 12 19
2605 16 8 19
1240 15 17 19
781 13 19 19
3458 3 19 19
4994 13 18 19
2984 17 4 19
4924 15 16 19
1350 15 8 19
3571 14 16 19
2233 15 7 19
1163 16 4 19
2592 14 15 19
4179 15 6 19
386 19 14 20
1094 18 14 20
4347 16 11 20
4522 15 0 20
1038 5 18 20
1445 0 19 20
3689 17 12 20
4377 17 8 20
1283 1 19 20
3396 15 1 20
1913 1 18 20
4214 9 19 21
5070 19 6 21
490 10 19 21
3635 12 0 21
2146 15 9 21
903 17 1 21
914 19 13 21
2277 19 7 21
1865 18 16 21
1491 3 17 21
2587 10 2 22
135 5 17 22
2404 5 19 22
681 5 18 22
1894 6 0 22
1646 5 4 22
549 7 0 22
109 7 1 22
4306 6 4 22
1534 7 2 22
4527 7 18 23
4063 8 19 23
4694 10 3 23
2271 11 3 23
1055 11 0 23
3402 5 16 23
5054 11 2 23
1535 16 9 23
5064 16 17 23
938 19 8 23
4483 19 12 23
299 19 16 23
1578 19 15 23
3042 12 2 23
661 18 12 23
1118 18 8 23
5232 18 7 23
2152 18 13 23
813 17 13 23
2191 17 7 23
4088 16 13 23
4487 17 6 23
5153 16 6 23
164 16 5 23
643 15 5 23
3155 5 6 23
993 6 7 23
4305 6 6 23
4424 19 2 24
2744 4 15 24
4331 17 0 24
4620 3 16 24
1593 18 17 24
372 18 16 24
5199 16 0 24
3164 16 1 24
1424 5 1 24
2808 5 2 24
409 5 3 24
1739 6 3 24
806 8 16 25
5231 8 17 25
1974 17 11 25
3368 18 10 25
4978 17 9 25
4336 18 0 25
2566 16 18 25
2417 10 0 25
4529 10 1 25
692 11 1 25
3917 12 1 25
4965 13 1 25
3421 14 1 25
965 4 13 25
5095 5 11 25
2687 4 12 25
3250 7 19 26
766 6 18 26
3582 19 17 26
222 19 3 26
2125 18 18 26
4231 5 15 26
2321 18 17 26
3223 18 16 26
3508 18 15 26
5209 14 10 26
1502 0 10 26
2703 0 7 26
2077 8 11 26
2324 0 9 26
4009 8 13 26
1003 1 9 26
2623 8 12 26
4241 9 4 26
4856 8 2 26
4191 8 1 26
650 8 0 26
3998 7 17 27
4250 7 18 27
2090 4 14 27
3200 8 18 27
5131 3 15 27
4901 4 15 27
4800 9 18 27
922 14 8 27
2985 14 9 27
4361 13 9 27
4189 5 7 27
3209 9 5 27
4654 19 4 28
2994 19 0 28
2561 18 19 28
4004 18 11 28
3912 18 9 28
2794 18 5 28
1351 19 1 28
182 17 19 28
97 18 4 28
2576 18 1 28
4756 18 3 28
2848 18 2 28
4705 17 2 28
4317 16 2 28
201 15 2 28
4711 14 2 28
2412 14 3 28
2986 14 4 28
3986 14 5 28
4143 13 5 28
3657 1 12 28
1095 12 5 28
1782 11 7 28
1682 0 0 28
2707 12 6 28
602 13 7 28
2393 2 12 28
179 2 0 28
3360 0 1 28
3299 1 6 28
4577 2 11 28
4008 1 7 28
4205 1 8 28
4230 5 9 28
1395 4 0 28
4261 4 1 28
289 4 2 28
1432 5 2 28
5147 6 1 28
4898 6 2 28
2602 6 3 28
1504 7 3 28
4119 19 18 29
3739 19 10 29
1574 18 18 29
2793 18 10 29
478 17 10 29
301 16 10 29
1066 15 10 29
1403 15 11 29
21 15 12 29
2241 15 13 29
5061 3 11 29
723 11 10 29
2426 1 4 29
147 6 8 29
2027 6 7 29
865 7 4 29
2328 15 18 30
3070 16 19 30
1031 16 18 30
4923 17 18 30
3258 17 17 30
1463 17 16 30
3180 17 15 30
4155 16 15 30
2069 16 14 30
3880 15 14 30
2904 14 14 30
1344 1 10 30
2480 6 11 30
4062 5 11 30
748 1 9 30
3521 3 10 30
2103 5 10 30
1269 3 8 30
3052 3 2 30
4765 9 7 30
3025 8 15 31
4862 8 16 31
3674 7 16 31
2380 7 17 31
2671 5 14 31
5055 4 14 31
2512 4 15 31
4338 4 16 31
1530 4 17 31
1219 4 18 31
4881 3 18 31
4506 2 18 31
2657 2 17 31
5128 2 16 31
4534 2 15 31
3020 2 14 31
2931 10 16 31
3551 10 15 31
400 3 14 31
3325 3 0 31
414 9 15 31
3720 3 1 31
3007 8 10 31
3531 2 1 31
496 1 1 31
3055 1 2 31
405 2 2 31
309 0 5 31
1866 2 3 31
1683 1 5 31
316 3 3 31
4244 2 5 31
3990 3 4 31
4714 3 5 31
1665 7 8 31
4789 6 19 32
3172 16 4 32
385 16 5 32
211 0 12 32
1554 1 12 32
4794 6 13 32
1517 5 13 32
853 2 12 32
3757 7 13 32
3054 5 12 32
2983 8 13 32
2843 2 10 32
1661 5 8 32
4864 2 6 32
1544 9 8 32
5182 3 6 32
3122 6 17 33
2667 6 18 33
2885 7 18 33
3130 15 8 33
3220 12 4 33
3586 10 6 33
3709 7 10 33
2553 14 7 33
4991 11 6 33
3793 0 6 33
1425 7 11 33
608 13 7 33
4766 1 6 33
2722 8 11 33
3652 1 7 33
3666 8 12 33
326 1 8 33
670 19 11 34
1780 15 16 34
1313 1 17 34
3382 14 16 34
911 14 15 34
2961 11 16 34
4124 12 15 34
2377 11 15 34
2706 11 11 34
3041 3 9 34
1202 6 10 34
1795 11 10 34
2708 2 9 34
926 5 10 34
1179 2 8 34
3497 2 7 34
3078 19 9 35
3069 19 5 35
4993 19 10 35
2075 18 5 35
4404 18 10 35
1856 18 4 35
698 17 10 35
1476 18 3 35
4888 16 10 35
3576 18 2 35
1638 15 10 35
1660 17 2 35
4802 15 11 35
2738 16 2 35
1824 16 7 35
1880 15 12 35
1844 15 2 35
4720 14 2 35
4865 15 3 35
2057 15 7 35
557 15 13 35
3330 15 15 35
1816 11 12 35
3639 1 16 35
339 14 3 35
2967 11 13 35
5221 14 4 35
1377 12 13 35
1291 13 6 35
2280 6 6 35
4398 17 4 36
688 17 5 36
5119 1 14 36
4100 5 6 36
3936 8 14 37
4558 8 15 37
2754 7 15 37
2399 7 16 37
1528 6 16 37
4977 6 17 37
4984 6 18 37
3524 7 18 37
3625 8 18 37
2938 9 18 37
4611 10 18 37
2009 10 17 37
610 11 17 37
2167 3 19 37
3468 2 19 37
1819 12 17 37
750 11 4 37
847 9 16 37
2968 9 15 37
3435 1 0 37
4307 0 8 37
2579 1 1 37
1453 1 2 37
3542 10 11 37
1448 1 8 37
2305 10 10 37
713 2 2 37
4808 2 8 37
2736 2 7 37
1841 3 7 37
4395 7 9 37
3183 7 8 37
2855 14 18 38
4623 16 8 38
4 13 19 38
4795 16 7 38
4624 13 18 38
950 13 17 38
1606 13 16 38
3049 13 15 38
3082 10 7 38
5009 10 6 38
3931 11 6 38
1355 6 9 38
4556 10 12 38
4151 6 10 38
3852 5 10 38
559 1 3 38
9 2 3 38
877 3 3 38
365 3 4 38
1680 3 5 38
5016 15 19 39
2517 15 18 39
3818 16 18 39
4054 17 18 39
1296 18 8 39
2943 16 12 39
3505 12 12 39
4580 10 4 39
4069 1 15 39
3705 10 5 39
4557 12 13 39
2159 11 5 39
5092 7 7 39
2838 8 0 39
1592 14 17 40
1877 1 19 40
3 15 17 40
857 15 1 40
1166 1 18 40
2873 15 2 40
3523 15 16 40
5067 16 3 40
2161 15 3 40
3672 15 15 40
962 2 18 40
1383 8 1 40
191 19 16 41
4796 19 12 41
3597 19 15 41
4554 17 3 41
645 18 12 41
5025 17 4 41
3442 18 13 41
3087 18 15 41
353 17 13 41
1161 17 5 41
3563 13 10 41
1316 13 4 41
3098 1 13 41
3064 1 14 41
2356 8 2 41
1288 19 19 42
449 19 18 42
4092 18 18 42
1371 17 18 42
2194 19 8 42
3104 16 17 42
1990 17 17 42
4913 18 8 42
3328 16 16 42
1227 17 16 42
220 18 7 42
1800 17 15 42
2621 14 11 42
2183 14 1 42
2083 17 14 42
4070 13 11 42
264 13 12 42
3636 13 13 42
481 1 11 42
4141 3 14 42
1051 1 12 42
5228 3 13 42
3229 13 8 42
1713 0 7 42
2172 6 1 42
3768 6 4 42
162 6 3 42
3538 9 4 42
373 16 9 43
2006 16 10 43
4954 15 10 43
4691 15 11 43
3072 17 8 43
4929 11 2 43
1855 15 12 43
2499 13 0 43
1537 12 18 43
899 13 1 43
2520 17 7 43
4738 13 18 43
2652 0 17 43
3249 1 17 43
2378 0 10 43
315 0 9 43
72 4 13 43
2830 0 8 43
3938 0 2 43
738 1 8 43
515 2 8 43
1915 2 7 43
245 3 7 43
1158 9 6 43
817 11 1 44
303 14 12 44
1971 14 13 44
2762 14 10 44
3747 14 9 44
905 13 9 44
961 5 16 45
2693 3 17 45
2213 4 16 45
4126 4 17 45
1505 4 18 45
842 13 3 45
4418 6 12 45
2861 5 12 45
2694 19 7 46
3791 18 7 46
4443 17 12 46
4945 18 6 46
5065 17 6 46
4115 16 6 46
1284 15 6 46
3276 15 5 46
4267 0 11 46
1271 1 11 46
284 1 12 46
4934 12 11 46
397 12 10 46
4667 3 2 46
3779 4 0 46
1694 9 7 46
5149 4 1 46
3270 4 2 46
1090 15 9 47
2443 15 10 47
4393 19 13 47
4302 15 11 47
1142 17 1 47
2992 18 13 47
81 15 12 47
2154 17 2 47
1257 12 19 47
165 0 19 47
1755 17 13 47
2117 16 12 47
946 1 19 47
2529 16 2 47
3474 12 18 47
1204 16 3 47
1503 16 13 47
3210 1 18 47
3170 15 3 47
3897 5 9 47
155 10 1 48
1959 10 0 48
3506 11 0 48
4797 5 19 48
4175 5 18 48
2593 2 11 48
1099 0 5 48
3386 1 5 48
4998 2 5 48
3800 4 4 48
3620 5 4 48
4284 5 1 48
347 5 3 48
3018 6 0 48
2036 5 2 48
799 7 0 48
4394 7 1 48
2373 6 2 48
4460 7 2 48
348 7 3 48
3460 7 14 49
3669 7 15 49
20 7 16 49
2078 18 17 49
4892 18 16 49
280 18 15 49
2590 15 0 49
696 15 1 49
1546 3 1 49
371 8 10 49
5188 8 11 49
973 10 13 49
1435 1 9 49
2273 8 12 49
3589 3 10 49
2903 1 8 49
1720 2 8 49
3275 2 7 49
2456 3 8 49
771 3 7 49
3982 6 15 50
1672 6 16 50
213 6 17 50
3758 6 18 50
2128 8 19 50
2415 7 18 50
5112 5 15 50
5094 8 18 50
4133 5 16 50
1988 10 19 50
2790 10 3 50
1382 9 18 50
1447 4 16 50
2391 10 18 50
4657 11 3 50
16 10 17 50
4256 11 17 50
1595 3 0 50
4101 0 0 50
1656 2 0 50
4851 0 1 50
1834 2 1 50
3390 1 1 50
48 1 2 50
2206 10 8 50
4885 1 3 50
3903 6 6 50
1699 14 0 51
4184 17 19 51
77 17 18 51
869 13 0 51
2524 5 17 51
1123 12 0 51
951 12 1 51
2326 11 7 51
4275 7 9 51
2956 7 8 51
1576 7 7 51
1753 9 5 51
4935 18 0 52
4878 10 2 52
3295 11 2 52
5166 12 2 52
3533 13 2 52
3667 13 5 52
3858 14 8 52
3909 6 11 52
2851 14 9 52
2462 13 9 52
1649 5 11 52
4242 5 7 52
3722 16 12 53
846 16 13 53
1770 15 7 53
3850 11 12 53
2091 1 16 53
4027 15 6 53
2292 11 13 53
1181 15 5 53
741 12 13 53
2970 10 16 53
3133 10 15 53
2521 1 10 53
3451 1 9 53
4104 10 10 53
1103 18 9 54
2533 8 17 54
2557 19 1 54
558 4 14 54
4422 8 18 54
3131 3 16 54
4079 9 18 54
4494 4 15 54
2972 18 1 54
505 10 18 54
2530 11 19 54
977 11 18 54
437 11 17 54
4801 12 17 54
2715 13 17 54
588 15 4 54
1747 0 13 54
2586 1 13 54
2740 10 11 54
4199 0 4 54
276 0 5 54
3486 1 5 54
3321 2 5 54
1515 19 3 55
3331 19 2 55
933 17 0 55
599 16 0 55
3565 16 1 55
3708 0 18 55
1842 1 18 55
3575 17 14 55
4969 0 15 55
2179 1 15 55
183 1 0 55
1477 1 1 55
410 1 2 55
140 2 2 55
1513 2 4 55
3553 9 4 55
3067 18 11 56
1143 14 19 56
2559 15 19 56
5073 17 11 56
2476 15 18 56
1266 18 4 56
3437 16 18 56
2428 18 3 56
265 17 18 56
3430 16 11 56
1702 11 4 56
5171 11 5 56
5022 9 16 56
3762 12 5 56
5039 9 15 56
4058 13 8 56
4962 1 6 56
2429 0 7 56
687 6 9 56
2778 1 7 56
2789 10 12 56
786 6 10 56
294 1 8 56
5109 5 10 56
4939 2 8 56
5007 6 1 56
2357 6 2 56
402 6 4 56
5043 6 3 56
2201 7 3 56
4504 18 10 57
146 17 10 57
3742 5 14 57
2094 17 9 57
3922 4 14 57
3792 16 9 57
5239 4 15 57
2996 4 16 57
2810 15 9 57
1248 4 17 57
4659 15 10 57
325 15 11 57
3285 4 18 57
1025 3 18 57
619 15 12 57
200 15 13 57
5042 12 15 57
3110 11 11 57
3261 11 10 57
4858 4 3 57
2446 8 9 57
1168 19 17 58
4294 18 17 58
3926 18 16 58
406 13 4 58
654 1 14 58
3272 11 6 58
3561 0 3 58
2846 1 3 58
3746 2 3 58
4371 2 6 58
3128 3 3 58
4120 3 4 58
5177 3 6 58
3696 3 5 58
2990 7 4 58
2834 9 3 58
1637 18 19 59
3550 18 5 59
2963 17 19 59
1604 18 4 59
2051 17 18 59
1287 18 3 59
585 17 17 59
2013 18 2 59
902 18 14 59
1238 17 2 59
3750 17 16 59
969 18 15 59
3347 13 10 59
3377 3 19 59
3702 13 11 59
4182 17 15 59
1981 16 2 59
313 17 5 59
4947 15 2 59
3092 13 12 59
1564 16 15 59
354 2 19 59
3205 14 12 59
1194 14 13 59
1450 11 16 59
3773 11 15 59
5203 7 13 59
3544 8 13 59
2814 2 10 59
5140 2 9 59
1735 3 9 59
307 3 8 59
244 5 8 59
1462 3 7 59
189 8 6 59
4308 10 7 60
2609 10 6 60
2891 11 6 60
1612 6 13 60
2239 3 13 60
891 5 13 60
4030 13 7 60
4628 5 12 60
2907 6 8 60
3862 6 7 60
3894 11 18 61
362 14 1 61
2050 14 2 61
2158 0 14 61
744 13 13 61
3121 3 14 61
1919 1 14 61
5093 8 15 62
4423 7 15 62
4725 6 15 62
232 6 16 62
1064 6 17 62
1738 7 17 62
1139 19 6 62
4056 17 4 62
3939 17 5 62
3012 13 17 62
4679 14 16 62
3809 14 15 62
2301 0 12 62
4687 1 12 62
4165 11 8 62
3277 5 9 62
160 1 4 62
4446 1 5 62
64 2 5 62
4602 3 15 63
2285 4 15 63
466 9 17 63
1788 18 8 63
1469 4 16 63
2294 4 17 63
2203 18 7 63
2932 18 6 63
601 4 18 63
987 3 18 63
4190 14 11 63
4291 17 6 63
2342 2 18 63
1082 14 12 63
1155 2 17 63
379 14 13 63
2491 15 6 63
1663 2 16 63
4002 2 15 63
1108 2 14 63
2934 0 6 63
3008 0 7 63
3723 1 7 63
3954 12 3 64
1393 12 2 64
4335 16 7 64
469 13 2 64
1912 16 6 64
755 14 7 64
2957 13 7 64
503 0 2 64
395 0 3 64
5018 1 3 64
4776 2 3 64
1226 9 6 64
2175 8 6 64
4229 9 2 64
3637 8 14 65
1402 8 15 65
1405 8 16 65
433 7 19 65
4734 8 17 65
1610 18 12 65
2655 18 13 65
374 17 13 65
398 16 13 65
2720 7 10 65
3780 7 11 65
2712 4 13 65
2832 8 11 65
2893 8 12 65
2243 9 7 65
2388 4 0 65
4653 4 1 65
2298 4 2 65
2052 5 2 65
2063 6 2 65
3530 6 3 65
1160 7 3 65
84 19 11 66
2688 19 10 66
2320 18 10 66
1600 17 10 66
3279 19 0 66
1205 19 1 66
3303 17 9 66
3590 19 2 66
65 16 17 66
614 16 9 66
2160 18 2 66
3946 17 17 66
1675 15 9 66
2396 10 17 66
3022 15 10 66
637 17 2 66
4372 15 11 66
1798 16 2 66
2303 17 3 66
3187 15 2 66
4186 15 12 66
4042 17 4 66
520 14 2 66
331 15 13 66
2352 14 3 66
4363 14 4 66
4332 0 10 66
91 0 9 66
2104 3 11 66
1785 0 8 66
489 3 2 66
3977 3 3 66
944 9 1 66
3311 9 19 67
3706 13 19 67
546 19 8 67
88 12 19 67
153 19 15 67
1060 18 8 67
3113 18 7 67
4944 18 6 67
3943 16 16 67
2514 17 6 67
5085 16 4 67
1378 17 5 67
1366 12 11 67
3701 12 10 67
1437 3 8 67
3865 6 19 68
1828 7 19 68
1112 9 14 68
3740 3 10 68
17 10 10 68
788 6 0 68
2059 7 0 68
3433 7 1 68
4778 7 2 68
1004 6 14 69
3823 6 15 69
4059 6 16 69
3315 6 17 69
3656 7 17 69
509 19 18 69
3161 7 18 69
1375 16 19 69
2725 8 18 69
5124 17 19 69
2752 18 18 69
1049 17 18 69
4486 9 18 69
805 10 18 69
3985 17 12 69
4897 16 8 69
4362 0 16 69
4871 17 13 69
4952 16 13 69
636 16 7 69
4262 0 17 69
1292 16 6 69
114 1 17 69
3546 16 5 69
117 2 17 69
1588 15 5 69
5083 10 4 69
439 2 16 69
447 10 5 69
269 0 11 69
3298 11 5 69
376 1 11 69
2870 1 12 69
28 7 8 69
4134 9 5 69
1413 8 10 70
3785 8 11 70
161 8 12 70
763 0 4 70
2398 0 5 70
3806 2 4 70
3588 1 5 70
1704 2 5 70
4157 6 6 70
1454 9 4 70
2628 19 5 71
1557 13 18 71
4288 18 5 71
1389 13 19 71
4455 18 4 71
2434 19 14 71
3191 18 3 71
1928 12 19 71
3203 19 15 71
4536 11 19 71
421 11 18 71
4425 18 15 71
3841 11 17 71
4485 12 17 71
2322 12 16 71
2578 13 16 71
4368 13 15 71
1927 0 13 71
3168 1 13 71
631 1 10 71
4111 1 9 71
3788 10 11 71
1496 10 8 71
2362 19 19 72
495 19 18 72
800 18 18 72
4549 17 18 72
3314 17 17 72
3668 17 16 72
2198 17 15 72
2144 16 15 72
663 17 14 72
4979 16 14 72
4469 15 4 72
3482 0 15 72
2329 1 15 72
5194 10 16 72
910 12 4 72
1808 10 15 72
53 12 5 72
181 1 0 72
838 5 7 72
4990 3 5 72
3744 5 1 72
1946 5 4 72
3245 5 2 72
2085 5 3 72
621 18 1 73
2613 18 2 73
1622 17 2 73
1428 17 7 73
5195 15 16 73
2363 17 6 73
2256 15 15 73
630 15 14 73
4501 0 0 73
4798 3 1 73
1664 0 1 73
3815 6 9 73
3027 5 11 73
2685 10 12 73
482 7 9 73
4043 7 8 73
900 6 4 73
2340 6 1 73
3408 6 3 73
441 7 3 73
2488 7 1 73
3683 7 2 73
304 0 18 74
1642 1 17 74
794 2 11 74
297 14 10 74
1054 13 8 74
1942 1 6 74
4236 1 7 74
110 1 8 74
1018 0 19 75
3749 17 8 75
5033 1 19 75
809 17 7 75
792 13 1 75
666 17 6 75
4971 1 18 75
2058 16 6 75
89 16 5 75
4087 11 13 75
4855 15 5 75
2486 3 0 75
4651 11 7 75
3558 2 0 75
1526 6 11 75
3698 2 1 75
3621 1 1 75
5238 6 10 75
99 5 10 75
3320 1 2 75
2731 2 2 75
2658 3 2 75
59 5 8 75
1021 3 3 75
1706 3 4 75
3176 4 4 75
26 7 16 76
5117 7 17 76
4810 7 18 76
322 8 18 76
343 15 0 76
3819 3 16 76
1596 9 18 76
4637 15 1 76
1652 4 16 76
2295 10 18 76
2993 11 3 76
1532 4 17 76
35 12 3 76
4648 11 18 76
3028 12 18 76
1452 4 18 76
296 15 17 76
4966 3 18 76
2856 15 16 76
4970 12 17 76
4607 2 18 76
4713 12 16 76
3644 15 15 76
5222 2 17 76
1763 13 16 76
647 13 15 76
4427 9 16 76
600 11 4 76
4386 12 4 76
430 9 15 76
2166 10 15 76
3349 12 5 76
4452 14 8 76
2734 14 9 76
4148 13 9 76
1353 2 10 76
4434 3 9 76
2001 2 9 76
1175 2 8 76
2307 2 7 76
41 3 7 76
1024 9 3 76
380 19 13 77
1295 17 1 77
629 16 0 77
2231 18 13 77
3891 16 1 77
4983 17 13 77
2334 16 2 77
3094 16 3 77
3014 16 13 77
4568 15 3 77
593 1 16 77
3972 2 16 77
1548 2 15 77
2226 2 14 77
4482 7 13 77
1973 8 13 77
131 2 6 77
1837 3 6 77
759 7 4 77
56 19 9 78
6 19 10 78
3778 18 10 78
580 14 18 78
4832 15 18 78
548 16 18 78
4716 17 18 78
4539 17 17 78
4268 17 16 78
3356 11 12 78
3532 12 12 78
2291 12 13 78
3942 13 5 78
3119 6 8 78
1522 5 6 78
3288 6 7 78
2182 17 9 79
1270 16 9 79
3487 15 9 79
1857 11 1 79
4853 15 8 79
2076 16 8 79
3906 16 7 79
5214 16 6 79
2860 13 4 79
2817 16 5 79
3297 15 5 79
4036 9 8 79
3915 16 11 80
2531 2 12 80
3904 4 3 80
2289 4 4 80
4893 17 11 81
413 17 10 81
177 10 3 81
1254 5 19 81
1125 16 10 81
1930 10 2 81
2492 11 2 81
321 15 10 81
1643 15 11 81
3159 15 12 81
3466 15 13 81
2177 11 16 81
2718 11 15 81
1429 6 13 81
3106 11 6 81
2095 5 13 81
1939 5 12 81
2496 11 11 81
2092 11 10 81
2614 1 4 81
3861 1 5 81
4553 2 5 81
98 3 5 81
235 19 4 82
2299 18 4 82
4777 18 3 82
4017 18 2 82
2441 17 2 82
4845 16 2 82
1449 16 3 82
772 2 19 82
4240 15 3 82
5060 3 11 82
674 5 9 82
2680 9 1 82
40 19 7 83
981 5 17 83
752 10 19 83
2440 5 18 83
3923 18 7 83
1979 3 19 83
886 17 7 83
2780 0 10 83
4252 0 6 83
2164 0 9 83
4239 0 7 83
1712 0 8 83
4419 12 10 83
2918 9 6 83
4940 8 6 83
684 9 2 83
1644 14 19 84
870 15 19 84
22 15 18 84
3960 5 14 84
4835 19 17 84
2889 4 14 84
4836 16 18 84
3173 10 0 84
1104 4 15 84
5168 17 18 84
2535 18 17 84
5066 11 0 84
4641 18 16 84
996 18 15 84
2459 14 17 84
424 15 17 84
434 15 16 84
4699 15 2 84
3596 15 7 84
4402 15 15 84
2461 1 14 84
1461 6 12 84
4519 5 12 84
4407 11 8 84
4123 10 8 84
3743 17 3 85
75 10 17 85
3632 18 14 85
2770 13 10 85
3419 13 11 85
3918 13 12 85
37 12 12 85
2826 12 13 85
2539 1 11 85
1657 3 13 85
425 1 10 85
3849 1 9 85
3994 0 2 85
624 0 3 85
60 10 11 85
216 1 8 85
1041 1 3 85
2865 2 8 85
4128 2 3 85
769 3 8 85
1796 3 7 85
4172 9 5 85
4532 7 14 86
1260 6 14 86
2017 6 15 86
2232 6 16 86
2871 7 16 86
4874 14 0 86
3003 7 17 86
212 16 17 86
3222 7 18 86
1190 13 0 86
3774 12 0 86
2507 16 4 86
1586 8 18 86
5224 17 4 86
2844 12 1 86
3154 9 18 86
1089 12 2 86
4987 17 5 86
4759 10 18 86
1120 17 6 86
1562 13 2 86
3105 11 18 86
38 13 3 86
2550 10 7 86
1843 0 11 86
4249 3 14 86
3713 10 6 86
3385 0 12 86
4750 1 12 86
4726 11 6 86
4586 13 7 86
3755 12 11 86
700 12 10 86
1744 5 0 86
3399 4 0 86
2962 4 1 86
2220 4 2 86
5220 18 19 87
3735 18 11 87
1754 18 9 87
1781 5 15 87
742 17 9 87
887 17 11 87
4612 18 18 87
824 5 16 87
3281 17 18 87
2066 17 10 87
3796 17 17 87
4904 16 16 87
4082 4 16 87
4066 16 10 87
3769 17 16 87
3137 4 17 87
4733 15 10 87
1617 4 18 87
1293 15 11 87
1624 15 12 87
2508 3 18 87
2555 15 13 87
3046 11 17 87
1107 14 16 87
3653 2 18 87
3185 14 15 87
2379 13 13 87
1050 0 14 87
4358 10 4 87
2895 0 13 87
3693 10 5 87
5045 11 5 87
1741 1 13 87
5172 12 5 87
2599 5 8 87
1507 4 3 87
4391 9 7 87
2580 19 12 88
2311 19 15 88
1890 19 13 88
2786 18 15 88
2952 18 13 88
873 11 19 88
3455 17 13 88
4635 16 13 88
2047 14 11 88
1356 12 19 88
734 14 12 88
4525 12 18 88
3896 14 13 88
844 4 13 88
1210 5 4 88
2250 5 3 88
840 7 0 88
1486 7 1 88
1814 19 1 89
1474 19 2 89
3959 2 7 89
4495 5 1 89
3940 5 2 89
2742 7 3 89
3013 9 3 89
4684 10 1 90
2196 10 0 90
912 11 0 90
4574 17 0 90
3685 12 0 90
112 16 0 90
4046 12 1 90
3974 16 1 90
3422 12 2 90
1820 18 6 90
1156 0 16 90
1159 13 2 90
1460 0 17 90
1441 17 6 90
3345 1 17 90
997 13 17 90
1165 2 17 90
3062 2 16 90
229 2 15 90
4215 7 10 90
4105 7 11 90
4548 7 12 90
983 8 11 90
3293 8 12 90
3889 6 6 90
2387 6 4 90
1938 6 3 90
270 9 4 90
2151 18 0 91
3117 19 14 91
1005 18 1 91
676 19 15 91
3728 18 15 91
2474 13 19 91
4408 17 15 91
1511 12 19 91
4922 17 14 91
679 16 14 91
4788 15 14 91
3394 13 7 91
1379 11 7 91
3403 12 11 91
215 6 11 91
2797 10 12 91
5008 12 10 91
2288 2 10 91
3682 2 9 91
2504 10 10 91
4150 3 9 91
909 3 8 91
4219 2 4 91
1199 3 7 91
4270 5 7 91
5097 7 9 91
4341 7 8 91
1278 6 0 91
1640 6 1 91
3732 6 2 91
1274 7 2 91
2645 18 5 92
248 19 3 92
2165 18 4 92
43 18 3 92
2124 18 2 92
4283 17 2 92
5021 16 2 92
4310 9 17 92
4804 15 2 92
3835 10 16 92
3057 3 0 92
4493 2 0 92
492 2 1 92
2010 1 0 92
4786 6 9 92
5150 5 11 92
5158 6 10 92
3956 1 1 92
5076 1 2 92
4658 11 8 92
2944 5 10 92
5210 2 2 92
1717 10 8 92
4693 3 2 92
3498 0 5 92
825 3 3 92
3463 3 4 92
1470 4 4 92
5113 8 19 93
1565 13 18 93
2637 12 18 93
4414 0 14 93
669 10 4 93
1727 3 14 93
1398 10 7 93
3592 10 5 93
1456 0 13 93
5015 0 11 93
2081 11 5 93
3109 10 6 93
1635 0 12 93
2199 1 13 93
3875 14 7 93
1951 11 6 93
2374 1 12 93
3973 14 8 93
5053 6 12 93
2756 14 9 93
3581 13 9 93
4729 3 15 94
5036 4 15 94
2573 18 12 94
4218 4 16 94
2721 19 6 94
1127 17 12 94
4543 4 19 94
62 17 13 94
2618 1 19 94
4096 11 18 94
2666 16 13 94
907 17 4 94
4110 16 6 94
4194 13 3 94
4355 16 4 94
4410 13 4 94
157 1 14 94
1882 10 15 94
4812 10 13 94
4037 3 10 94
224 1 4 94
4023 8 9 94
4359 5 6 94
2978 7 4 94
4481 7 19 95
4339 17 8 95
4618 3 17 95
