770050
2001
1316 19 5 1
3627 19 0 1
1028 19 4 1
845 18 5 1
4626 19 1 1
5221 19 3 1
3402 17 5 1
3134 18 4 1
5511 18 0 1
3559 19 2 1
1969 18 3 1
1006 17 4 1
2037 18 1 1
4880 17 0 1
4929 16 0 1
3861 17 1 1
3483 17 3 1
2509 18 2 1
1895 0 13 1
1843 0 19 1
5190 17 2 1
4786 15 0 1
3079 16 1 1
3431 14 0 1
1485 16 2 1
1538 1 13 1
1438 1 19 1
5166 0 14 1
2499 15 1 1
5426 0 18 1
2150 1 14 1
5198 1 18 1
4192 16 3 1
2496 15 2 1
4681 19 6 1
3806 0 17 1
127 0 15 1
2373 14 1 1
3730 2 13 1
5487 2 19 1
5314 18 6 1
3088 2 14 1
2736 16 4 1
2835 2 18 1
2531 1 17 1
1669 1 15 1
2090 15 3 1
4874 19 7 1
1766 0 16 1
4288 14 2 1
3719 3 13 1
4963 3 19 1
1307 4 19 1
551 4 13 1
439 17 6 1
2033 3 14 1
4401 3 18 1
1448 2 15 1
5149 18 7 1
798 16 5 1
4148 10 19 1
4068 1 16 1
3146 2 17 1
4975 15 4 1
2707 19 8 1
5527 14 3 1
5037 15 5 1
3342 19 19 1
3055 12 6 1
3110 17 7 1
4621 10 18 1
4923 9 19 1
4136 14 4 1
4769 5 19 1
3516 4 14 1
3875 4 18 1
4306 5 13 1
1406 16 6 1
3457 2 16 1
4201 3 15 1
1106 18 8 1
376 3 17 1
4544 19 9 1
2817 15 6 1
1400 16 7 1
2682 18 9 1
4993 8 19 1
677 14 5 1
5035 6 19 1
4160 4 17 1
4594 5 14 1
3860 4 15 1
774 9 18 1
4831 13 6 1
5327 5 18 1
572 10 17 1
995 19 10 1
963 19 18 1
3639 12 7 1
761 18 19 1
4906 17 8 1
1292 3 16 1
1588 18 18 1
2727 5 15 1
2485 5 17 1
4417 7 19 1
769 18 10 1
3023 16 8 1
5394 15 7 1
2102 14 6 1
3717 8 18 1
3949 19 11 1
1176 17 19 1
97 4 16 1
3766 9 17 1
2553 6 18 1
3706 13 7 1
2146 19 17 1
4021 11 19 1
3464 17 9 1
5473 15 8 1
4530 11 18 1
1324 6 17 1
662 18 17 1
195 7 18 1
199 14 7 1
1104 8 17 1
2069 19 12 1
3177 19 16 1
3542 12 19 1
2636 17 10 1
2098 18 11 1
4571 5 16 1
372 16 9 1
2524 17 18 1
1474 16 19 1
1954 12 18 1
858 11 17 1
3587 7 17 1
3876 14 8 1
391 17 11 1
5453 16 10 1
5277 19 13 1
2005 18 12 1
4876 19 15 1
4861 13 19 1
5033 15 19 1
409 18 16 1
4295 17 17 1
4435 15 9 1
2260 16 18 1
2169 6 16 1
967 13 18 1
2644 17 16 1
1699 17 12 1
4069 16 11 1
1477 16 17 1
2893 14 9 1
3468 12 17 1
554 19 14 1
2557 15 10 1
863 14 19 1
4004 18 13 1
2926 6 15 1
168 7 16 1
2596 15 18 1
1949 18 15 1
419 16 12 1
1681 16 16 1
4402 14 18 1
81 18 14 1
5163 13 17 1
3689 15 17 1
4332 17 15 1
4567 17 13 1
5129 6 14 1
4161 15 11 1
2992 8 16 1
4061 7 15 1
3857 14 10 1
966 9 16 1
541 14 17 1
3265 15 16 1
2899 14 11 1
1185 7 14 1
3780 17 14 1
2220 15 12 1
2115 6 13 1
2556 8 15 1
3328 16 15 1
2316 7 12 1
1201 16 13 1
4875 14 12 1
3469 10 16 1
3502 15 13 1
55 15 15 1
1012 14 16 1
3634 16 14 1
4317 8 14 1
4301 9 15 1
1687 8 12 1
2583 7 13 1
3718 8 13 1
2846 14 15 1
1211 11 16 1
5482 14 13 1
2364 10 15 1
2397 13 16 1
1471 15 14 1
1852 9 14 1
526 9 12 1
3015 13 15 1
4695 9 13 1
668 11 15 1
2108 14 14 1
114 12 16 1
2453 10 12 1
307 10 14 1
352 13 14 1
1007 13 0 1
3164 11 14 1
4391 11 12 1
421 10 13 1
4234 12 15 1
2110 12 14 1
985 12 0 1
4859 11 13 1
834 13 13 1
884 13 1 1
2829 12 13 1
5350 12 1 1
3327 13 12 1
3630 11 0 1
193 13 2 1
3024 12 12 1
488 10 0 1
1745 12 2 1
3558 13 11 1
710 13 3 1
4373 11 1 1
1353 13 4 1
2993 12 3 1
3013 9 0 1
4026 11 2 1
3946 13 10 1
674 10 1 1
2528 12 11 1
5352 12 10 1
1290 13 5 1
1202 13 9 1
4466 11 3 1
1902 10 2 1
62 11 11 1
3208 9 1 1
234 12 4 1
4657 8 0 1
3304 11 10 1
1434 9 2 1
3945 7 0 1
1677 13 8 1
1392 10 3 1
4155 8 1 1
2030 12 5 1
1494 12 9 1
514 10 11 1
1369 11 4 1
1234 9 3 1
952 12 8 1
4276 7 1 1
5036 9 11 1
1066 6 0 1
1049 11 5 1
933 10 10 1
2247 10 4 1
1257 8 2 1
2750 11 9 1
316 7 2 1
1773 8 3 1
3273 11 8 1
4040 8 11 1
5080 11 6 1
3312 10 5 1
92 9 4 1
1950 6 1 1
1506 10 9 1
3772 9 10 1
483 9 5 1
1635 7 3 1
4598 7 11 1
1560 10 6 1
5346 10 8 1
392 8 4 1
1960 9 9 1
4968 6 12 1
3201 8 10 1
4680 6 2 1
1304 11 7 1
3263 6 11 1
1210 5 12 1
2147 6 3 1
3413 7 4 1
256 8 9 1
5322 9 8 1
1603 9 6 1
2138 10 7 1
3037 8 5 1
3368 7 10 1
4282 7 9 1
4343 8 6 1
3839 8 8 1
2535 6 10 1
2355 5 11 1
1886 0 12 1
4400 7 5 1
3238 6 4 1
4452 9 7 1
5243 4 12 1
2687 3 12 1
1285 6 5 1
4099 1 12 1
5023 5 10 1
436 4 11 1
2080 0 11 1
3212 6 9 1
1065 8 7 1
3965 7 6 1
3258 7 8 1
804 1 11 1
4455 7 7 1
2340 0 10 1
347 2 12 1
2941 3 11 1
4720 4 10 1
5008 5 9 1
3563 6 6 1
2077 6 8 1
3681 1 10 1
4101 2 11 1
1605 5 8 1
1361 4 9 1
3776 0 9 1
2265 3 10 1
1762 6 7 1
319 5 6 1
840 1 9 1
520 2 10 1
2467 0 8 1
2151 3 9 1
5229 5 7 1
1993 4 8 1
276 4 7 1
4770 3 8 1
5447 2 9 1
3602 0 7 1
1806 1 8 1
4053 4 6 1
1134 3 7 1
3873 2 8 1
4912 1 7 1
570 0 6 1
934 5 5 1
1495 1 6 1
1236 2 7 1
5449 5 4 1
629 0 5 1
5104 3 6 1
790 4 5 1
4042 3 5 1
2325 2 6 1
5071 0 4 1
4625 4 4 1
1571 5 3 1
5398 1 5 1
2946 2 5 1
2222 3 4 1
2747 0 3 1
4327 4 3 1
2896 1 4 1
2494 1 3 1
2238 2 4 1
561 3 3 1
1912 0 2 1
3432 1 2 1
4534 5 2 1
2269 0 1 1
225 2 3 1
4916 0 0 1
1262 1 1 1
717 2 2 1
411 4 2 1
819 5 1 1
2586 1 0 1
4457 2 1 1
990 3 2 1
341 4 1 1
423 5 0 1
207 2 0 1
3443 3 1 1
2949 4 0 1
201 3 0 1
1233 2 0 5
3171 3 1 5
4491 0 0 6
1268 1 0 6
2786 1 1 6
860 2 1 6
760 2 3 6
1814 5 1 6
676 5 0 6
4805 5 3 7
1782 4 3 7
571 4 4 7
5374 2 6 7
2015 3 3 7
4356 2 5 7
5323 0 4 7
2822 0 1 7
5317 0 3 7
2241 0 2 7
4803 5 2 7
248 5 7 8
1674 5 4 8
636 4 7 8
607 2 9 8
1768 5 5 8
2473 4 6 8
2465 2 8 8
3249 4 5 8
2815 3 6 8
4323 1 8 8
296 0 7 8
2951 0 6 8
2862 3 5 8
3355 0 5 8
157 0 8 9
851 0 9 9
1726 5 6 9
3611 6 6 9
2526 1 9 9
505 6 7 9
1563 2 11 9
4043 1 10 9
1651 2 10 9
4336 4 9 9
1050 0 10 10
172 6 4 10
2575 0 11 10
3348 8 5 10
4111 6 5 10
3438 1 11 10
2830 0 12 10
568 9 8 10
1461 6 9 10
1172 8 9 10
3592 1 12 10
1673 6 10 10
4427 2 12 10
4048 5 11 10
1724 5 9 10
4645 8 8 10
3899 5 10 10
1482 3 12 10
1502 4 10 10
1555 1 7 10
3485 3 3 10
5212 3 4 10
4724 2 4 10
3854 5 0 10
812 6 2 11
775 6 3 11
1194 11 7 11
3239 7 3 11
2517 10 6 11
4682 9 9 11
1888 9 5 11
2865 6 11 11
2012 9 10 11
5024 9 6 11
2075 8 6 11
3975 8 10 11
386 6 12 11
5525 5 12 11
1255 4 12 11
3657 4 11 11
1002 3 11 11
2923 3 10 11
4558 3 9 11
1484 6 0 12
2982 12 5 12
4597 7 0 12
3204 6 1 12
4811 11 6 12
2063 7 1 12
87 11 5 12
189 13 8 12
669 8 1 12
1684 7 2 12
2749 10 3 12
3200 10 5 12
4763 12 9 12
4733 10 11 12
4129 8 2 12
3649 12 8 12
509 11 9 12
94 11 8 12
5430 8 3 12
4341 9 11 12
3915 8 11 12
1433 7 11 12
2758 7 10 12
3051 7 9 12
1542 0 0 12
4376 1 0 12
4133 1 1 12
4897 2 3 12
14 2 1 12
2529 5 1 12
4322 10 0 13
5043 11 0 13
3254 10 1 13
5372 13 2 13
454 13 11 13
2043 11 1 13
4741 10 2 13
1750 8 0 13
1733 13 3 13
3708 13 5 13
2894 13 9 13
3306 9 0 13
1244 12 3 13
197 13 4 13
2978 13 10 13
101 9 1 13
5310 11 11 13
2071 12 4 13
519 9 2 13
731 9 3 13
45 4 2 13
1191 4 1 13
1170 2 0 13
4611 4 0 13
1828 16 14 14
3341 8 14 14
3067 8 12 14
2013 9 15 14
332 15 14 14
1832 14 15 14
3025 11 16 14
5126 10 15 14
2544 9 12 14
4712 9 14 14
2152 11 15 14
2547 10 12 14
1820 12 16 14
5478 10 14 14
1062 11 12 14
2141 11 14 14
3205 12 15 14
4506 13 0 14
4698 12 0 14
379 12 14 14
4054 13 1 14
2802 12 1 14
1351 13 12 14
286 12 2 14
3331 11 2 14
2304 11 3 14
2300 11 4 14
581 10 4 14
894 9 4 14
3888 8 4 14
1302 7 4 14
1295 7 5 14
4224 7 6 14
3605 10 16 15
3230 17 14 15
4103 9 16 15
3824 8 16 15
3851 8 15 15
2495 6 14 15
1738 15 11 15
4206 15 17 15
1432 7 12 15
4882 6 13 15
1875 15 12 15
4730 19 14 16
2898 18 14 16
2595 15 10 16
1943 14 19 16
1934 6 15 16
1483 15 18 16
88 16 15 16
4049 17 12 16
5041 14 18 16
2400 15 15 16
4668 19 15 17
2734 15 19 17
5228 18 15 17
3548 16 19 17
3209 11 17 17
517 13 19 17
1288 15 9 17
1318 16 18 17
492 17 11 17
3756 17 15 17
1824 19 13 17
5119 13 18 17
2350 17 9 18
2689 19 16 18
2159 12 19 18
920 15 8 18
4406 6 17 18
4453 19 12 18
1454 18 16 18
5176 17 16 18
3360 17 8 19
4120 19 17 19
3075 15 7 19
3284 11 19 19
5456 8 18 19
2842 6 18 19
2419 19 11 19
2099 17 19 19
3369 18 11 19
723 11 18 19
2754 18 17 19
700 18 12 19
1206 12 18 19
3826 18 13 19
2073 12 17 19
1865 13 17 19
5406 17 13 19
3867 14 17 19
3151 4 17 20
2353 4 15 20
1719 12 7 20
1783 10 17 20
3391 6 19 20
1082 8 19 20
764 18 19 20
4009 19 10 20
5266 7 19 20
3160 13 7 20
3902 7 18 20
3626 4 18 21
3939 19 9 21
153 4 14 21
1578 5 13 21
2088 16 6 21
2051 5 14 21
3068 15 6 21
2266 5 15 21
2700 8 8 21
4766 3 12 21
4451 3 11 21
3446 2 6 21
5512 3 3 21
4919 0 5 21
4263 19 19 22
5079 12 6 22
3259 10 18 22
604 5 19 22
754 17 7 22
3280 16 7 22
2571 5 18 22
4972 19 18 22
3785 13 6 22
4719 18 18 22
4958 5 17 22
4361 16 8 22
1877 17 18 22
3460 16 9 22
4305 17 17 22
475 16 17 22
5120 16 16 22
1480 15 16 22
1819 14 16 22
4980 13 16 22
2210 13 15 22
345 5 11 22
897 5 9 22
5214 5 10 22
2805 4 10 22
2574 0 7 22
143 0 6 22
2414 5 1 22
3568 2 1 22
5232 5 0 22
1579 4 0 22
3484 19 8 23
4350 10 19 23
3028 2 17 23
5158 2 15 23
3069 15 4 23
2789 16 5 23
459 15 5 23
3103 9 19 23
744 9 18 23
2318 9 17 23
4132 8 17 23
2984 7 17 23
2295 1 8 23
2963 3 6 23
3138 1 3 23
5518 4 13 24
3577 4 19 24
1890 17 6 24
3271 3 13 24
1839 17 7 24
4977 3 19 24
5090 3 18 24
5278 3 17 24
3014 13 12 24
2176 1 12 24
1624 2 12 24
977 3 12 24
2486 3 11 24
2790 3 7 24
1568 0 0 24
5025 1 0 24
3032 1 1 24
5175 1 2 24
5347 19 7 25
4489 0 16 25
2683 15 3 25
4231 13 1 25
1344 8 3 25
485 9 11 25
1330 8 11 25
5040 7 11 25
1190 7 10 25
2659 8 9 25
4413 7 9 25
3455 4 6 25
1631 2 19 26
3576 2 13 26
4408 2 18 26
5162 2 14 26
3313 3 14 26
759 2 17 26
462 3 15 26
2388 13 0 26
194 13 13 26
5177 12 0 26
3622 12 1 26
4907 12 2 26
1764 11 2 26
1276 11 3 26
1937 5 5 26
1277 4 2 26
5231 4 1 26
4114 2 0 26
3467 0 17 27
1737 0 15 27
781 14 1 27
4519 11 14 27
907 11 12 27
1512 11 11 27
1646 10 10 27
4983 10 9 27
660 9 8 27
1412 6 9 27
68 5 9 27
2712 5 10 27
5152 4 7 27
4570 2 9 27
1720 19 6 28
3843 16 3 28
1617 18 6 28
854 16 4 28
200 18 7 28
2723 16 5 28
4241 18 8 28
661 15 5 28
412 18 9 28
3248 18 10 28
3109 17 10 28
1094 16 10 28
1873 16 11 28
1625 16 12 28
1003 16 13 28
3388 15 13 28
229 10 12 28
3683 12 16 28
1898 12 8 28
5178 0 12 28
2942 6 12 28
3781 0 18 29
4583 0 14 29
5180 9 14 29
220 11 15 29
498 12 15 29
1587 12 3 29
4824 8 2 29
4647 1 11 29
2118 6 5 29
1668 9 6 29
1957 1 12 29
3994 8 6 29
3010 2 12 29
1464 3 12 29
432 5 4 29
4714 5 5 29
2806 4 5 29
4121 3 5 29
2101 3 4 29
3583 14 0 30
792 16 1 30
3123 15 0 30
4299 15 1 30
1481 1 13 30
1162 1 14 30
3093 10 15 30
3243 9 12 30
2960 10 14 30
2864 13 3 30
4280 13 5 30
513 13 9 30
3831 13 4 30
3187 13 10 30
542 12 4 30
396 11 4 30
5141 9 10 30
1328 8 10 30
1016 5 7 30
5279 4 9 30
1405 0 19 31
4810 1 19 31
1142 1 18 31
112 1 17 31
5112 8 0 31
1591 9 0 31
2010 10 11 31
575 9 1 31
1516 10 10 31
4974 11 10 31
275 9 5 31
4396 6 11 31
64 6 12 31
4065 5 12 31
3011 4 12 31
4284 4 11 31
2262 1 10 31
534 2 11 31
5388 2 10 31
4448 4 10 31
3346 3 10 31
2317 3 9 31
1661 5 2 31
465 4 2 31
1995 18 2 32
3426 0 13 32
1136 1 13 32
620 1 14 32
3307 1 15 32
4461 1 16 32
4903 2 16 32
2901 3 16 32
107 4 16 32
1662 5 16 32
4967 6 16 32
1270 7 16 32
215 7 15 32
2179 7 14 32
3185 11 16 32
2514 11 15 32
2338 9 9 32
5227 8 9 32
565 7 9 32
2523 7 8 32
1282 16 0 33
3112 17 0 33
26 7 12 33
955 6 13 33
1837 15 12 33
1854 7 13 33
4360 8 13 33
4546 9 13 33
416 0 1 33
4154 0 3 33
3437 0 2 33
4984 1 2 33
1250 17 4 34
3775 13 18 34
3887 14 15 34
1108 7 2 34
1629 10 6 34
950 10 5 34
72 0 7 34
1038 0 6 34
4560 5 1 34
2284 3 2 34
191 5 0 34
3332 4 0 34
1356 18 3 35
3036 17 3 35
3184 19 13 35
1714 8 1 35
3521 8 2 35
3755 9 2 35
1052 9 3 35
1518 7 4 35
476 1 9 35
5194 6 6 35
2387 18 0 36
2249 19 2 36
4600 18 1 36
4706 17 1 36
951 17 15 36
808 9 15 36
543 17 16 36
821 6 14 36
5358 8 12 36
1663 11 1 36
1540 11 2 36
240 10 2 36
3801 10 3 36
3941 0 4 36
1496 18 17 37
363 18 12 37
5016 18 13 37
1947 15 15 37
1688 17 13 37
428 16 13 37
5384 15 13 37
2604 13 2 37
647 13 11 37
1184 13 3 37
3954 13 4 37
4760 12 4 37
4342 11 4 37
893 10 4 37
2850 0 11 37
1154 5 11 37
2416 1 11 37
4319 4 11 37
4564 4 10 37
1778 0 5 37
4662 1 4 37
4773 9 16 38
4237 17 12 38
1543 11 18 38
2281 8 16 38
2078 12 18 38
3607 8 15 38
3609 12 17 38
3101 14 18 38
5199 13 17 38
3646 14 17 38
1929 13 15 38
1398 6 4 38
1055 8 5 38
1091 3 3 38
4174 1 3 38
2348 17 5 39
3894 17 4 39
1417 19 3 39
4225 18 4 39
2868 18 3 39
5359 18 2 39
5408 17 2 39
1897 16 2 39
4969 15 2 39
659 14 2 39
284 14 3 39
3264 14 4 39
4587 14 5 39
3129 17 19 39
4296 14 6 39
4035 17 18 39
2125 17 17 39
299 16 15 39
15 0 9 39
696 5 6 39
5056 6 6 39
3132 1 9 39
635 1 10 39
3319 2 10 39
5267 3 10 39
2163 3 9 39
3030 3 6 39
113 3 5 39
1609 19 12 40
3226 5 17 40
2288 18 12 40
2878 16 8 40
2703 5 16 40
614 16 9 40
1362 6 16 40
2239 16 10 40
993 18 16 40
1654 17 16 40
2697 13 8 40
909 13 9 40
4338 11 5 40
3145 11 4 40
3353 0 0 40
1990 1 0 40
732 1 1 40
2121 19 11 41
3072 18 18 41
1085 7 19 41
2358 18 11 41
1133 17 18 41
1906 7 18 41
872 15 8 41
4242 15 9 41
1035 13 19 41
4927 17 11 41
5339 11 0 41
1541 11 1 41
4107 13 6 42
2483 13 7 42
5026 15 18 42
3515 14 7 42
3958 14 8 42
1489 14 9 42
1848 14 10 42
231 7 13 42
1597 11 7 42
5496 19 10 43
4023 18 10 43
4529 17 10 43
5460 7 17 43
2615 16 10 43
3316 16 11 43
3614 15 11 43
773 7 1 43
2726 10 0 43
3361 10 1 43
2294 8 1 43
2081 8 2 43
2290 10 2 43
3252 9 2 43
90 9 3 43
3705 6 2 43
2007 6 3 43
5222 7 3 43
1525 0 8 43
1721 0 9 43
3170 1 9 43
5261 1 10 43
4943 2 10 43
3919 4 9 43
1727 1 7 43
3324 1 6 43
2059 1 5 43
4794 8 18 44
3529 19 18 44
430 5 18 44
4790 5 15 44
2511 18 18 44
2908 11 19 44
4588 12 19 44
1500 17 18 44
2715 6 15 44
3463 5 7 44
1478 3 7 44
5458 2 0 44
3106 16 7 45
3048 16 8 45
3970 17 14 45
4117 15 8 45
4736 11 17 45
4920 12 17 45
2654 11 3 45
3524 9 10 45
3140 8 10 45
2056 8 9 45
4277 8 8 45
2246 1 8 45
4956 9 17 46
2768 8 17 46
5396 10 16 46
3419 14 19 46
357 19 16 46
187 9 16 46
4620 18 16 46
879 13 19 46
3618 8 16 46
486 13 18 46
3497 17 16 46
908 15 10 46
2083 13 17 46
1373 14 17 46
738 13 12 46
3992 13 5 46
3660 13 10 46
2420 13 4 46
2633 12 4 46
2140 0 12 46
936 0 11 46
5089 0 10 46
626 1 10 46
4581 4 7 46
2209 2 10 46
4324 2 9 46
2251 9 18 47
5179 3 18 47
1760 8 18 47
730 3 17 47
5292 18 19 47
331 5 14 47
1779 15 7 47
830 5 15 47
467 11 6 47
1805 11 5 47
4832 6 1 47
1517 11 4 47
236 6 2 47
842 6 3 47
1566 7 3 47
1274 2 11 47
5454 3 4 47
314 5 2 47
3474 4 2 47
4739 4 1 47
2309 19 1 48
1472 18 1 48
2184 19 17 48
5370 5 19 48
17 19 18 48
889 5 18 48
3750 18 18 48
395 17 18 48
4582 10 12 48
1851 13 0 48
2668 12 0 48
1144 13 13 48
748 12 1 48
1794 11 1 48
4236 10 1 48
126 10 2 48
1657 10 3 48
54 11 9 48
3802 10 4 48
2765 6 11 48
434 6 12 48
2430 5 12 48
2180 4 12 48
810 6 9 48
4424 4 11 48
747 5 9 48
1340 4 9 48
2017 5 4 48
3296 5 5 48
5413 18 5 49
219 8 19 49
1030 18 15 49
3435 18 14 49
2399 17 14 49
4487 16 12 49
511 16 14 49
4001 16 15 49
2570 9 12 49
2292 4 6 49
1189 4 5 49
2641 3 5 49
4091 17 7 50
1102 17 6 50
3534 16 6 50
1917 15 6 50
3722 15 19 50
1303 16 19 50
3530 16 18 50
2897 16 17 50
115 10 15 50
2479 10 14 50
3575 9 8 50
3152 4 19 51
5259 3 19 51
3736 2 17 51
3956 3 18 51
3968 2 16 51
5433 3 17 51
2268 6 19 51
816 7 0 51
4604 12 5 51
3553 6 0 51
5150 11 5 51
4954 6 1 51
1535 11 4 51
4828 6 2 51
291 10 4 51
4366 9 5 51
2450 7 11 51
3598 10 9 51
4599 6 3 51
2643 7 10 51
304 7 3 51
682 1 12 51
4145 2 12 51
1098 3 12 51
4384 3 11 51
4098 3 10 51
2412 3 9 51
4633 19 4 52
2773 18 4 52
2539 18 3 52
5174 15 0 52
4348 15 1 52
4925 10 17 52
689 9 17 52
214 15 4 52
4182 11 11 52
1222 7 7 52
5188 6 7 52
20 19 0 53
4603 19 1 53
2006 18 1 53
238 18 2 53
2808 16 1 53
4422 17 2 53
4908 5 13 53
11 16 2 53
2840 15 2 53
1619 4 13 53
871 14 2 53
3794 3 13 53
1572 11 15 53
1744 9 11 53
258 9 6 53
342 8 11 53
4126 9 9 53
1071 8 10 53
1143 8 9 53
2795 7 9 53
883 10 18 54
4926 2 14 54
4693 2 18 54
4106 9 18 54
1297 18 7 54
2828 2 17 54
2760 19 15 54
3903 8 18 54
4420 18 8 54
3220 19 14 54
3347 7 18 54
2859 18 9 54
4684 18 14 54
1528 6 18 54
1810 18 10 54
5468 6 17 54
3746 17 14 54
3957 17 10 54
5145 16 10 54
5192 16 14 54
74 16 15 54
826 16 11 54
1409 16 16 54
664 15 11 54
4988 15 16 54
5131 14 16 54
1614 13 16 54
2045 11 12 54
2282 4 14 55
2581 16 4 55
2277 16 5 55
3192 3 14 55
239 1 16 55
1040 2 16 55
119 3 15 55
1209 15 5 55
729 11 16 55
1639 12 16 55
527 12 15 55
3961 9 0 55
5514 10 11 55
1907 9 1 55
3244 10 10 55
1456 9 2 55
698 11 10 55
916 9 3 55
1808 4 3 55
2034 4 4 55
1693 4 5 55
5407 3 5 55
2188 1 3 55
2651 11 14 56
1193 6 5 56
1788 3 3 56
5529 19 5 57
1816 19 4 57
4247 18 4 57
745 18 3 57
5064 18 2 57
2186 17 2 57
5182 16 2 57
1829 15 2 57
2296 7 5 57
2074 7 6 57
5410 1 18 58
1453 2 18 58
1499 2 15 58
4432 2 17 58
3135 17 8 58
757 18 8 58
3009 2 16 58
2126 3 16 58
1103 18 9 58
104 12 7 58
2123 18 10 58
5063 8 13 58
5367 12 3 58
5151 6 4 58
406 7 4 58
976 4 7 58
2771 0 5 58
5366 1 5 58
5273 0 3 58
2313 1 4 58
4186 14 0 59
4602 14 1 59
3279 14 2 59
2914 14 3 59
281 14 4 59
4213 14 5 59
2895 13 10 59
3858 8 3 59
3379 0 12 59
5157 0 11 59
1261 0 10 59
440 0 1 59
1164 0 2 59
1415 1 2 59
2031 3 2 59
4398 12 6 60
5521 12 7 60
1809 13 7 60
418 15 12 60
1730 13 12 60
3411 13 5 60
29 1 11 60
4981 1 10 60
719 3 6 60
4774 5 1 60
2867 5 0 60
4937 4 0 60
5375 10 19 61
4494 10 18 61
632 9 18 61
1801 8 18 61
2264 7 18 61
4636 6 18 61
925 6 17 61
3793 6 13 61
2226 13 17 61
5258 7 13 61
1595 5 11 61
2185 5 3 61
1226 5 4 61
4742 5 5 61
2097 4 5 61
1539 3 5 61
5490 0 15 62
4864 19 9 62
3169 18 9 62
1264 17 9 62
3107 17 10 62
3591 16 10 62
3963 17 16 62
141 16 11 62
5146 15 10 62
4442 15 11 62
4390 13 1 62
40 12 1 62
3877 13 3 62
1734 11 1 62
3408 10 1 62
4585 0 6 62
2507 1 6 62
1061 0 4 62
3228 1 4 62
694 19 3 63
3176 18 3 63
4688 18 2 63
2576 17 2 63
4304 16 2 63
1357 15 2 63
78 14 2 63
5206 14 3 63
4910 14 4 63
1363 17 19 63
3950 16 19 63
1593 17 17 63
3547 16 18 63
3477 16 17 63
2537 16 16 63
4537 8 15 63
4934 8 12 63
5110 9 14 63
2445 13 15 63
2235 5 6 63
12 6 6 63
5249 7 6 63
1707 6 9 63
444 5 9 63
1263 4 9 63
2 0 0 63
3473 1 0 63
4344 1 1 63
3757 0 14 64
5054 1 14 64
5208 1 15 64
2792 6 14 64
1885 13 2 64
3786 13 3 64
3692 13 11 64
3128 13 4 64
874 12 4 64
2207 11 4 64
3944 0 7 64
5173 1 7 64
1582 0 17 65
4405 0 18 65
1333 1 18 65
3499 2 18 65
1475 15 3 65
3445 2 17 65
3737 13 13 65
3671 11 9 65
5462 6 10 65
2036 6 11 65
1748 6 12 65
1325 5 12 65
1064 4 12 65
4380 4 11 65
102 4 10 65
4580 2 10 65
1182 1 13 66
2584 2 13 66
359 2 14 66
2656 2 15 66
5369 2 16 66
1996 4 15 66
1598 8 16 66
644 13 9 66
2256 11 7 66
487 1 12 66
2441 2 12 66
446 3 12 66
5218 12 18 67
1394 17 11 67
3813 16 11 67
1878 17 13 67
3206 15 11 67
1428 13 0 67
181 12 0 67
5422 12 1 67
142 0 9 67
4300 1 9 67
5530 2 9 67
5006 3 4 67
1505 5 2 67
2550 4 2 67
306 4 1 67
5436 17 4 68
784 18 4 68
5262 18 3 68
5241 18 2 68
737 17 2 68
171 16 2 68
5048 15 2 68
2044 15 3 68
346 13 19 68
4784 17 15 68
2518 18 16 68
654 17 16 68
2500 15 15 68
2178 9 15 68
4315 9 14 68
3283 8 0 68
1283 9 0 68
3471 9 1 68
1331 9 2 68
4815 13 8 68
4067 9 3 68
5371 10 9 68
3491 9 10 68
1976 8 10 68
3938 2 11 68
4060 3 11 68
2713 3 10 68
3668 3 9 68
3663 0 8 68
1393 1 8 68
843 19 19 69
3231 19 18 69
4518 4 17 69
4852 18 18 69
415 17 18 69
2137 16 18 69
1468 16 17 69
3202 16 16 69
2536 15 16 69
4340 10 2 69
1676 11 6 69
1640 10 6 69
2694 9 4 69
5210 3 1 69
1411 5 15 70
880 18 13 70
4689 17 13 70
5492 16 13 70
2356 7 12 70
3375 8 12 70
1216 15 13 70
3040 10 12 70
1232 10 0 70
4399 11 0 70
4226 11 1 70
129 6 0 70
2593 6 1 70
1841 11 2 70
5290 11 3 70
4767 6 2 70
4038 10 3 70
3326 6 3 70
3815 7 3 70
3874 10 4 70
3752 9 6 70
4568 9 9 70
3225 8 9 70
2843 3 7 70
4252 2 19 71
3613 19 8 71
1200 19 9 71
4551 15 7 71
1348 18 11 71
4678 15 9 71
5501 17 11 71
913 11 15 71
1465 9 11 71
2315 8 11 71
4842 7 11 71
4011 7 10 71
789 7 9 71
4006 6 7 71
515 19 2 72
2649 18 2 72
4429 0 19 72
5495 4 13 72
244 0 16 72
1118 1 19 72
4777 3 13 72
2834 0 17 72
882 1 18 72
1924 1 17 72
3229 18 6 72
2533 2 17 72
4351 18 7 72
4996 18 8 72
3675 7 19 72
3715 18 9 72
1988 11 17 72
3650 17 9 72
4072 12 17 72
3266 17 10 72
657 7 0 72
59 7 1 72
5335 12 5 72
144 8 1 72
2652 11 5 72
1018 8 2 72
4214 10 5 72
3078 8 3 72
3855 8 4 72
378 9 5 72
4995 8 5 72
3456 8 6 72
2218 16 3 73
5209 4 18 73
546 6 19 73
4941 4 17 73
1289 19 16 73
1600 6 17 73
2427 16 9 73
5289 16 10 73
1683 18 16 73
2094 16 11 73
4619 17 16 73
4146 16 16 73
3449 9 16 73
5005 15 16 73
384 9 15 73
1672 9 14 73
4178 8 8 73
24 1 3 73
2945 17 0 74
4370 17 1 74
3969 17 2 74
2665 16 2 74
4108 14 3 74
1125 3 17 74
4490 5 18 74
2000 11 18 74
130 15 8 74
2763 12 18 74
5309 13 18 74
338 15 17 74
627 11 12 74
2336 11 11 74
2989 5 7 74
1329 0 13 75
3701 1 13 75
383 2 13 75
285 2 14 75
3837 2 15 75
2801 2 16 75
1863 3 16 75
949 4 16 75
1692 6 15 75
495 14 19 75
3570 10 7 75
5515 4 6 75
4462 4 3 75
1767 4 5 75
3550 4 4 75
4181 3 4 75
3436 15 1 76
3256 15 2 76
5445 15 3 76
2502 10 17 76
279 5 13 76
787 9 17 76
741 5 14 76
4895 9 18 76
4138 8 18 76
1622 19 11 76
329 5 15 76
2149 5 16 76
2985 18 11 76
491 6 16 76
4056 9 12 76
1562 19 7 77
205 18 7 77
3261 5 19 77
2962 5 18 77
460 6 18 77
755 7 18 77
2462 7 17 77
1799 16 15 77
4536 10 15 77
5125 10 14 77
3723 3 6 77
3525 5 1 77
5523 5 0 77
4078 4 0 77
2552 18 19 78
5296 18 17 78
4371 18 18 78
1979 12 19 78
4211 12 18 78
4801 15 19 78
93 13 18 78
1757 14 19 78
3409 14 18 78
4447 10 11 78
5169 10 10 78
2708 11 10 78
5423 0 1 78
1301 0 3 78
2286 0 2 78
4700 3 2 78
3584 1 2 78
1169 18 12 79
1860 17 12 79
3986 17 11 79
2663 19 14 79
4851 18 14 79
1971 17 14 79
5114 11 16 79
5399 13 5 79
2276 12 5 79
2650 1 11 79
1123 3 3 79
2955 19 6 80
4335 19 7 80
4460 18 7 80
961 14 4 80
4493 18 8 80
5342 14 5 80
2394 18 9 80
3077 17 9 80
3881 6 5 80
1884 6 6 80
3595 0 12 80
4436 7 8 80
1728 0 11 80
589 0 10 80
4339 0 7 80
4586 1 7 80
1242 3 19 81
4430 3 18 81
4804 19 17 81
2395 3 17 81
3581 18 17 81
3782 18 18 81
3962 17 18 81
4644 16 18 81
4638 15 18 81
3849 16 17 81
3549 15 17 81
1569 14 17 81
3295 14 16 81
3832 10 16 81
3676 10 15 81
4124 10 14 81
1713 13 12 81
367 1 1 81
3 18 0 82
4184 3 15 82
824 16 8 82
5351 16 9 82
5509 16 10 82
3664 18 15 82
3925 16 11 82
211 15 11 82
4473 18 14 82
5274 17 14 82
3694 13 10 82
2413 5 4 82
585 5 5 82
3286 4 5 82
218 3 5 82
2195 0 0 82
3345 1 0 82
3635 17 5 83
3608 17 4 83
3291 15 0 83
4434 1 16 83
4266 2 16 83
5007 3 16 83
2393 19 13 83
4357 18 13 83
5101 18 12 83
4623 17 12 83
1942 6 9 83
28 5 9 83
3216 4 9 83
3747 0 5 83
2851 1 5 83
906 14 1 84
1811 17 7 84
3712 17 6 84
1650 11 14 84
3696 8 6 84
1793 5 6 84
3242 6 6 84
5050 0 8 84
600 19 4 85
3828 16 7 85
5438 16 6 85
2203 19 15 85
3838 18 15 85
2824 18 14 85
4169 7 14 85
1306 17 14 85
1515 16 14 85
2027 15 14 85
903 13 15 85
4999 2 10 85
405 4 7 85
4578 1 10 85
3049 1 9 85
108 1 8 85
2541 0 6 85
4735 1 6 85
2513 0 4 85
3127 1 4 85
4750 1 3 85
2597 19 1 86
4624 4 19 86
4483 3 19 86
2050 19 10 86
560 3 18 86
3625 3 17 86
2567 19 9 86
518 3 16 86
2887 18 9 86
1027 17 9 86
2206 5 17 86
4661 4 16 86
4270 16 19 86
2800 16 9 86
1375 5 16 86
4501 17 17 86
5459 16 10 86
242 8 14 86
4394 13 4 86
1845 6 4 86
2004 7 4 86
3884 8 8 86
2779 6 10 86
2714 6 12 86
369 5 12 86
3517 6 11 86
3769 5 11 86
1492 4 12 86
4110 4 11 86
5246 2 11 86
3545 5 3 86
1279 5 4 86
3181 5 5 86
4535 3 7 86
768 4 5 86
630 3 5 86
606 12 6 87
2981 12 7 87
1488 11 19 87
690 13 7 87
2746 12 19 87
4789 12 18 87
2041 13 18 87
2757 14 18 87
3052 15 16 87
2154 13 11 87
1421 11 5 87
3678 11 9 87
1581 8 10 87
4218 10 9 87
2096 9 4 87
4092 9 6 87
896 9 10 87
1074 5 10 87
3830 4 10 87
2986 2 0 87
695 19 5 88
595 19 4 88
721 18 4 88
3811 18 3 88
2440 18 2 88
5373 18 1 88
1149 16 0 88
4547 17 1 88
32 9 16 88
2521 10 1 88
2065 11 1 88
3429 11 2 88
5130 12 2 88
3260 7 0 88
4574 7 1 88
2301 8 1 88
2810 7 2 88
3519 13 8 88
3981 8 2 88
3865 5 2 88
5500 4 2 88
1165 4 1 88
3417 18 10 89
5116 17 19 89
3544 6 17 89
2542 16 19 89
2997 17 10 89
3398 16 18 89
5439 16 10 89
1564 16 11 89
464 16 12 89
1638 6 13 89
655 15 12 89
1893 7 13 89
4591 13 13 89
4675 11 7 89
5172 1 12 89
361 2 12 89
3451 3 12 89
4632 3 14 90
1771 10 18 90
3481 3 15 90
5168 9 18 90
1592 8 18 90
5001 19 16 90
3218 18 16 90
838 16 17 90
249 15 15 90
3302 15 17 90
3699 8 0 90
1107 9 0 90
1090 9 1 90
4090 9 2 90
3791 10 3 90
247 9 3 90
1408 17 3 91
1939 19 0 91
4164 19 1 91
4655 14 2 91
968 16 5 91
1795 9 19 91
3044 8 19 91
3604 7 19 91
1992 7 18 91
80 7 17 91
5282 17 15 91
4725 17 16 91
4629 16 16 91
2173 15 16 91
4286 11 3 91
5405 2 11 91
549 5 7 91
4264 0 9 91
4833 1 9 91
128 2 9 91
4900 5 3 91
152 5 4 91
2739 18 5 92
2448 18 4 92
1857 18 3 92
3638 18 2 92
18 18 1 92
1999 17 1 92
3997 16 1 92
1379 16 4 92
603 4 17 92
4497 13 19 92
1510 13 18 92
1836 11 12 92
998 11 11 92
91 9 11 92
1667 6 0 92
2200 8 11 92
268 6 1 92
289 13 9 92
3130 6 2 92
4165 7 11 92
1763 6 3 92
2314 7 10 92
60 11 6 92
2673 7 9 92
2211 7 3 92
47 10 6 92
5297 8 9 92
941 8 3 92
5364 9 9 92
2594 8 4 92
1546 6 12 92
4593 5 12 92
277 4 12 92
348 4 6 92
5039 4 3 92
3615 4 5 92
788 4 4 92
1916 3 4 92
3403 14 3 93
3726 18 6 93
1679 17 6 93
4191 16 6 93
1931 14 6 93
4978 15 8 93
2631 11 18 93
1491 15 9 93
4358 11 17 93
2929 12 17 93
4990 6 14 93
5519 13 17 93
856 6 13 93
2772 14 17 93
605 10 0 93
829 8 12 93
4345 15 13 93
4331 11 0 93
1080 11 1 93
2076 12 0 93
2194 11 15 93
4917 10 12 93
3084 12 1 93
837 13 1 93
5029 13 2 93
5022 13 3 93
4673 12 3 93
2323 6 10 93
2253 6 11 93
2302 5 11 93
4482 4 11 93
2959 3 11 93
656 3 10 93
2619 0 17 94
2519 1 15 94
4488 2 17 94
2832 19 8 94
2060 19 9 94
2705 18 9 94
5021 17 8 94
3833 19 11 94
484 17 9 94
4239 17 10 94
1862 18 11 94
3064 16 10 94
3800 6 15 94
1218 8 16 94
5446 9 12 94
5429 13 12 94
4701 10 2 94
2481 10 3 94
292 10 7 94
512 0 7 94
226 1 7 94
799 0 5 94
328 1 5 94
4189 1 1 94
2918 14 0 95
582 14 1 95
