756350
2054
578 19 19 1
4038 19 18 1
370 18 19 1
2323 19 14 1
4047 18 14 1
3422 18 18 1
557 17 19 1
767 19 15 1
707 19 17 1
3163 17 14 1
222 17 18 1
1834 19 16 1
208 18 15 1
3063 16 19 1
1808 18 17 1
4350 17 15 1
2743 19 9 1
914 18 16 1
3257 15 19 1
745 16 14 1
310 16 18 1
1227 17 17 1
3519 16 15 1
108 15 18 1
467 16 17 1
3268 17 16 1
2240 18 9 1
1326 19 10 1
2150 14 19 1
357 15 14 1
4422 19 11 1
3936 13 19 1
1120 14 18 1
548 18 10 1
1360 17 9 1
2368 15 15 1
961 16 16 1
115 15 17 1
4087 19 13 1
2383 12 19 1
2538 13 18 1
1759 19 12 1
705 17 10 1
764 14 17 1
803 16 9 1
4452 18 11 1
2928 18 13 1
572 15 16 1
1429 16 10 1
2622 14 16 1
703 13 17 1
175 15 9 1
1850 17 11 1
1596 12 18 1
2416 17 13 1
2453 11 19 1
1579 18 12 1
3816 15 10 1
2392 16 13 1
1229 16 11 1
2342 12 17 1
2588 0 19 1
833 6 19 1
3947 10 19 1
4287 11 18 1
3288 17 12 1
1176 14 15 1
3055 13 16 1
2071 14 9 1
1748 10 18 1
2597 7 19 1
483 15 11 1
3974 15 13 1
2568 14 14 1
3341 6 18 1
3124 13 15 1
1606 13 9 1
3804 0 18 1
4393 14 10 1
1094 16 12 1
4368 9 19 1
807 11 17 1
2877 1 19 1
202 12 16 1
3872 13 10 1
3172 1 18 1
891 15 12 1
3643 10 17 1
1017 6 17 1
1905 14 11 1
109 7 18 1
2784 14 13 1
163 12 9 1
2001 0 17 1
4010 12 15 1
1950 9 18 1
249 8 19 1
1646 11 16 1
3683 13 14 1
538 2 19 1
417 0 16 1
285 6 16 1
785 9 17 1
1573 14 12 1
3518 10 16 1
415 13 13 1
2908 12 10 1
1706 1 17 1
1721 7 17 1
2700 2 18 1
2105 13 11 1
2535 12 14 1
450 11 9 1
2957 8 18 1
3156 3 19 1
2110 11 15 1
56 10 15 1
405 12 11 1
3634 11 14 1
3810 6 15 1
667 10 9 1
1022 9 16 1
4005 7 16 1
3430 12 13 1
3078 13 12 1
3745 11 10 1
3894 8 17 1
981 2 17 1
1280 1 16 1
17 3 18 1
331 4 19 1
4048 0 15 1
3299 11 11 1
499 7 15 1
2785 2 16 1
3644 12 12 1
2495 1 15 1
2896 3 17 1
3011 8 16 1
4370 11 13 1
3336 0 14 1
602 4 18 1
2528 6 14 1
1528 9 15 1
3169 10 14 1
4084 10 10 1
129 5 19 1
1674 5 18 1
4322 11 12 1
3388 0 13 1
1002 9 14 1
428 8 15 1
1571 1 14 1
2708 2 15 1
4294 10 13 1
3992 10 11 1
2834 7 14 1
4450 4 17 1
1882 3 16 1
3463 0 12 1
4312 1 13 1
1053 5 17 1
2458 2 14 1
2693 9 13 1
1577 4 16 1
2384 8 14 1
3252 3 15 1
889 10 12 1
3131 1 12 1
4199 8 13 1
2904 4 15 1
3207 3 14 1
2004 9 12 1
474 5 16 1
2840 2 13 1
4336 0 11 1
127 4 14 1
3504 9 11 1
3035 8 12 1
3118 1 11 1
2348 5 15 1
2115 3 13 1
3075 2 12 1
421 7 13 1
3593 0 10 1
1868 0 9 1
3250 5 14 1
2225 6 13 1
4056 9 10 1
1580 1 10 1
3865 4 13 1
1592 8 11 1
3321 2 11 1
31 7 12 1
1824 3 12 1
3386 0 8 1
1317 0 0 1
1453 6 12 1
2497 3 11 1
1332 9 9 1
2992 5 13 1
2792 1 9 1
965 4 12 1
2602 8 10 1
4444 2 10 1
2127 7 11 1
887 0 1 1
2868 5 12 1
3053 1 8 1
3287 8 9 1
96 2 9 1
3076 7 10 1
2881 3 10 1
2097 9 8 1
4313 1 0 1
4214 0 7 1
2396 6 11 1
486 4 11 1
4014 4 10 1
1035 3 9 1
3979 7 9 1
2443 6 10 1
1484 2 8 1
853 8 8 1
2759 5 11 1
1019 2 0 1
2076 0 2 1
439 1 7 1
348 1 1 1
3616 0 6 1
2185 1 6 1
553 1 2 1
4256 7 8 1
2751 3 0 1
3331 3 8 1
3179 2 7 1
183 4 9 1
839 0 5 1
3284 6 9 1
2433 5 10 1
3821 2 1 1
1463 0 3 1
351 6 8 1
930 0 4 1
3732 4 8 1
4302 4 0 1
4289 5 9 1
576 3 7 1
2879 1 5 1
1633 1 3 1
2070 3 1 1
3363 2 2 1
236 2 6 1
1988 3 6 1
627 5 8 1
1762 3 2 1
1978 2 3 1
2452 1 4 1
457 2 5 1
2923 4 7 1
3787 4 1 1
2958 4 6 1
1659 5 7 1
2152 2 4 1
4414 3 5 1
3133 3 3 1
4125 4 2 1
462 9 7 1
2318 8 7 1
3490 5 6 1
100 6 7 1
4353 9 6 1
2664 3 4 1
162 4 5 1
3944 4 3 1
307 8 6 1
1084 6 6 1
912 7 7 1
3017 5 5 1
3840 4 4 1
1558 19 0 1
872 19 8 1
876 7 6 1
3182 6 5 1
3260 5 4 1
3945 10 8 1
2405 5 3 1
3405 19 1 1
2766 19 7 1
3575 18 8 1
2395 18 0 1
4183 6 4 1
3074 7 5 1
21 17 8 1
3460 5 2 1
1893 18 7 1
2101 18 1 1
3767 8 5 1
3850 11 8 1
4449 19 2 1
3010 19 6 1
2941 17 0 1
1655 6 3 1
2386 10 7 1
900 7 4 1
2174 17 1 1
471 17 7 1
4245 18 6 1
2468 16 8 1
2160 16 0 1
2692 7 3 1
1980 12 8 1
1487 18 2 1
1269 5 1 1
4174 19 3 1
1452 6 2 1
1769 10 6 1
2947 9 5 1
4118 19 5 1
4262 11 7 1
4384 8 4 1
3202 9 4 1
89 8 3 1
1005 11 6 1
789 18 5 1
2494 19 4 1
3382 17 6 1
541 17 2 1
2769 12 7 1
2146 10 5 1
59 6 1 1
1853 18 3 1
4126 15 0 1
2918 15 8 1
2028 7 2 1
4143 16 1 1
1020 13 8 1
3274 16 7 1
231 5 0 1
3103 11 5 1
1051 15 1 1
3645 12 6 1
3420 7 1 1
1551 8 2 1
545 16 2 1
916 18 4 1
4182 17 5 1
2616 17 3 1
3289 16 6 1
3986 13 7 1
3884 15 7 1
2735 10 4 1
2789 14 8 1
3466 6 0 1
2646 9 3 1
1395 9 2 1
4300 11 4 1
385 15 6 1
1015 15 2 1
316 7 0 1
3264 12 5 1
2224 8 1 1
2649 16 3 1
3858 16 5 1
795 17 4 1
2091 10 3 1
2623 14 7 1
3581 13 6 1
567 11 3 1
3170 14 6 1
2954 15 3 1
4375 10 2 1
949 15 5 1
1621 13 5 1
806 9 1 1
4124 16 4 1
2158 8 0 1
2608 12 4 1
4229 13 4 1
2159 10 1 1
1177 11 2 1
3301 14 5 1
278 12 3 1
443 9 0 1
1220 15 4 1
3863 12 2 1
2211 13 3 1
1456 14 4 1
3796 10 0 1
2364 11 1 1
2855 11 0 1
1653 12 1 1
1455 14 3 1
1639 13 2 1
3946 12 0 1
253 14 2 1
2586 13 1 1
1379 13 0 1
1231 14 1 1
2431 14 0 1
2444 13 1 5
3621 12 1 6
4248 10 0 7
2806 12 2 7
290 13 3 7
3183 13 2 7
2627 12 3 8
3756 13 5 8
3043 11 2 8
284 14 5 8
4039 13 7 9
2832 13 6 9
1219 15 7 9
778 9 3 9
3864 11 3 9
1134 10 4 9
2390 15 2 9
1223 16 5 9
2088 8 1 9
1222 11 4 9
2226 10 3 9
3344 9 2 9
440 15 3 9
3114 10 2 9
1250 8 2 10
2765 13 8 10
3061 15 0 10
3310 7 2 10
1595 5 0 10
2296 15 8 10
1196 6 0 10
3098 14 8 10
762 15 1 10
3622 16 7 10
1458 16 1 10
837 14 7 10
2239 16 6 10
199 16 2 10
1630 17 3 10
2385 14 6 10
4301 18 4 10
677 11 5 10
3032 15 6 10
4428 16 3 10
816 15 5 10
295 7 3 11
1578 17 2 11
2470 8 3 11
408 8 4 11
4058 18 2 11
3174 18 3 11
810 9 4 11
4020 6 2 11
3722 5 1 11
4130 6 1 11
3409 12 8 11
2479 11 7 11
4288 7 1 11
1510 7 0 11
3700 17 6 11
708 12 7 11
3999 8 0 11
1210 9 0 11
1954 9 1 11
3467 14 5 11
2435 10 1 11
2863 5 2 12
1451 5 3 12
54 16 0 12
38 17 0 12
2848 6 3 12
3784 6 4 12
3841 17 1 12
4060 18 0 12
702 7 4 12
923 18 1 12
3913 16 8 12
2032 17 8 12
1888 11 8 12
1486 18 8 12
3952 17 7 12
4061 10 8 12
2972 19 6 12
3853 10 7 12
1992 12 4 12
26 11 2 12
3211 13 3 12
3441 11 1 12
2666 13 2 12
4146 2 3 13
3648 1 4 13
92 4 1 13
1188 3 2 13
836 3 3 13
1423 2 4 13
2570 4 2 13
1308 2 6 13
1238 2 5 13
2913 3 4 13
3964 5 8 13
3788 3 6 13
518 4 3 13
1438 4 6 13
844 9 7 13
1173 4 4 13
3469 3 5 13
2531 5 4 13
246 4 5 13
1189 5 6 13
867 9 6 13
2289 8 7 13
1056 8 6 13
1757 5 5 13
799 7 7 13
3256 7 6 13
1564 19 0 13
2917 19 1 13
4001 19 2 13
3238 19 8 13
3339 19 7 13
2483 19 3 13
3348 19 4 13
3867 18 7 13
1036 19 5 13
4360 18 6 13
3358 18 5 13
743 17 5 13
3411 17 4 13
3436 16 4 13
4451 15 4 13
432 10 0 13
673 12 2 13
609 12 1 13
4271 11 0 13
1898 13 1 13
1758 12 0 13
2303 13 0 13
818 4 0 14
3033 3 0 14
1008 3 1 14
1753 2 0 14
1610 2 1 14
229 1 1 14
3273 2 2 14
2716 1 2 14
2359 1 3 14
1213 8 8 14
1710 7 8 14
880 7 9 14
1500 5 11 14
3939 6 8 14
4176 0 6 14
1969 6 9 14
3779 4 11 14
125 3 9 14
1401 5 9 14
890 2 8 14
774 3 8 14
4396 1 0 15
3762 0 0 15
3825 0 1 15
3930 9 8 15
3160 3 12 15
2738 5 13 15
1166 9 9 15
3330 0 2 15
1939 0 3 15
2709 8 11 15
563 8 9 15
3733 7 12 15
361 7 11 15
3279 0 4 15
3563 8 10 15
1891 2 11 15
4329 7 10 15
1923 2 9 15
1313 0 5 15
2442 1 5 15
1390 0 8 15
4156 1 9 15
3903 3 11 15
3070 1 6 15
3868 1 8 15
1516 0 7 15
3472 1 7 15
1632 2 7 15
3834 3 7 15
992 5 17 16
1917 9 10 16
2056 1 12 16
3997 5 16 16
2654 2 14 16
223 5 15 16
3350 2 12 16
2407 9 11 16
3354 5 14 16
2510 3 14 16
2949 9 13 16
2764 0 11 16
2924 0 9 16
1811 0 10 16
1052 1 11 16
1014 1 10 16
1875 2 10 16
156 3 10 16
1399 0 12 17
1485 0 13 17
851 4 17 17
717 10 13 17
2943 2 15 17
898 3 15 17
3054 5 19 18
22 5 18 18
2120 4 19 18
2086 4 18 18
4333 0 15 18
3167 2 16 18
635 11 13 18
715 11 11 18
4026 0 14 18
3696 9 15 18
74 7 15 18
2844 3 19 19
4086 10 9 19
871 2 17 19
4373 12 11 19
3412 12 13 19
3800 11 15 19
3603 9 16 19
2328 6 15 19
2285 6 14 19
3961 7 14 19
697 1 17 20
1275 13 13 20
3652 11 9 20
373 13 11 20
2170 7 17 20
3509 13 1 20
3484 12 0 20
3601 13 0 20
328 2 19 21
2274 12 15 21
3984 13 14 21
2638 9 18 21
3676 12 14 21
4210 9 17 21
1862 11 14 21
2604 10 0 21
3588 11 0 21
650 11 1 21
4230 12 1 21
606 1 19 22
264 0 17 22
1473 12 9 22
830 14 11 22
659 0 16 22
1583 7 18 22
4166 1 16 22
917 1 15 22
4033 1 14 22
2176 1 13 22
1016 2 13 22
2302 3 13 22
200 13 5 22
592 13 3 22
3292 13 15 23
1104 13 14 23
4112 13 9 23
2125 0 18 23
688 15 13 23
1124 11 17 23
110 6 18 23
739 9 19 23
88 6 17 23
1139 6 16 23
2036 7 16 23
1261 19 6 23
984 14 15 24
2710 14 9 24
4206 15 11 24
2410 14 14 24
3240 14 13 24
2983 13 16 24
2891 19 8 24
2948 19 7 24
1784 11 6 24
204 15 6 24
4367 15 5 24
865 0 19 25
3802 16 13 25
2320 16 11 25
3515 0 18 25
3706 11 19 25
3569 6 19 25
1547 10 19 25
4364 11 18 25
3916 1 18 25
75 2 18 25
2970 10 18 25
711 7 19 25
3705 8 19 25
149 10 17 25
3151 3 18 25
747 3 17 25
4163 8 18 25
2145 8 17 25
1488 3 16 25
783 8 16 25
4427 4 16 25
1549 8 15 25
2744 4 15 25
814 4 14 25
3461 4 13 25
4453 4 12 25
2634 5 12 25
4409 6 6 25
391 19 0 25
489 17 7 25
3815 18 8 25
1282 19 1 25
3239 10 8 25
3880 10 7 25
763 18 7 25
4145 19 2 25
2198 18 6 25
4292 19 3 25
4153 19 5 25
670 10 6 25
3998 19 4 25
658 18 5 25
3860 17 3 25
1718 15 9 26
761 17 11 26
879 17 13 26
2518 13 17 26
641 8 7 26
1960 9 6 26
2752 8 6 26
2196 14 7 26
1550 14 6 26
1437 14 5 26
1001 19 12 27
2026 18 11 27
2498 17 10 27
178 14 17 27
1661 0 8 27
1114 0 7 27
969 9 2 27
526 15 3 27
4406 11 1 27
1506 19 13 28
2984 18 13 28
116 15 17 28
1140 12 19 28
3565 2 9 28
1601 1 9 28
238 1 8 28
3728 3 8 28
2031 5 4 28
1322 17 8 28
3034 11 7 28
904 10 3 28
1903 11 4 28
3290 17 9 29
1810 16 9 29
2072 16 16 29
2678 16 10 29
4138 15 15 29
2808 15 10 29
596 14 10 29
701 13 10 29
3347 12 10 29
2276 11 10 29
185 10 10 29
4171 10 11 29
3277 2 11 29
852 3 11 29
773 3 10 29
874 3 5 29
113 9 7 29
2937 9 6 29
4169 8 6 29
3302 7 4 29
1852 12 8 29
720 15 1 29
2836 16 1 29
4017 12 7 29
1397 16 2 29
1924 12 6 29
3715 16 3 29
822 13 19 30
3481 7 11 30
4404 0 4 30
1181 0 5 30
4390 1 5 30
1668 4 11 30
4168 3 9 30
140 2 8 30
3520 5 9 30
3959 5 7 30
2321 6 7 30
3307 14 8 30
3408 18 0 30
2446 5 1 30
3607 7 7 30
2767 15 8 30
2100 7 6 30
3236 16 8 30
3395 7 1 30
657 16 7 30
3677 16 6 30
3483 17 6 30
2787 17 5 30
1013 14 19 31
1734 15 14 31
752 19 11 31
1943 15 15 31
3424 7 13 31
1088 8 9 31
3889 6 13 31
726 8 10 31
2619 7 10 31
2773 4 3 31
2373 3 6 31
362 17 1 31
959 5 0 31
2347 18 1 31
374 19 1 31
2057 19 2 31
1732 19 3 31
1517 8 1 31
540 19 4 31
325 19 10 32
3709 18 9 32
712 17 16 32
1361 18 10 32
919 18 11 32
3491 18 12 32
2839 17 12 32
3503 16 12 32
436 15 12 32
909 14 12 32
3176 1 11 32
2107 6 9 32
2205 7 2 32
3777 6 2 32
4434 6 1 32
2013 6 0 32
4107 7 0 32
3178 8 0 32
2771 15 2 32
2173 9 0 32
2366 9 1 32
1044 16 2 32
2611 10 1 32
1720 10 2 32
4093 0 9 33
1854 0 6 33
3597 9 4 33
4376 17 3 33
3115 9 13 34
1165 0 11 34
3989 0 10 34
2672 1 10 34
2186 6 10 34
3245 2 10 34
3508 3 10 34
2077 6 8 34
3876 5 8 34
842 3 4 34
3793 13 8 34
2657 14 8 34
3898 10 8 34
4354 18 8 34
2526 8 4 34
1617 18 7 34
2134 15 8 34
1728 10 7 34
4380 16 8 34
4208 18 6 34
2991 19 5 34
3453 11 7 34
1385 18 5 34
3585 12 7 34
2268 12 6 34
12 17 17 35
3324 16 17 35
2485 7 15 35
2044 10 14 35
2574 0 14 35
1877 9 14 35
4140 1 14 35
433 1 13 35
2341 0 2 35
1726 0 3 35
3587 0 4 35
4382 6 11 35
3886 0 5 35
498 10 4 35
2956 18 16 36
4050 16 18 36
1065 15 19 36
4036 16 14 36
23 17 16 36
2310 15 18 36
2339 16 15 36
3334 14 18 36
960 16 16 36
32 15 16 36
3534 13 18 36
3661 12 18 36
4275 14 16 36
1713 11 13 36
1302 11 11 36
122 9 11 36
2336 2 12 36
1636 3 14 36
444 4 12 36
648 2 4 36
2228 1 6 36
1467 1 7 36
448 19 0 36
4269 19 1 36
996 19 2 36
4272 17 7 36
748 18 2 36
3444 18 3 36
1901 18 4 36
2718 17 4 36
2741 11 3 36
429 11 2 36
2222 19 9 37
1931 18 9 37
3929 18 10 37
2976 18 11 37
1046 18 12 37
1524 17 12 37
4149 16 12 37
2084 15 12 37
1673 14 12 37
2715 13 12 37
2011 12 12 37
4309 2 16 37
3370 11 12 37
3304 10 12 37
749 9 12 37
2481 3 3 37
46 9 3 37
3917 9 4 37
1235 17 0 37
1033 15 7 37
3374 16 0 37
281 16 7 37
642 16 6 37
4298 16 5 37
437 7 8 38
2039 9 8 38
3121 7 9 38
337 9 9 38
941 3 15 38
3157 3 12 38
607 4 14 38
3911 3 2 38
69 5 3 38
597 6 3 38
574 6 6 38
4290 6 4 38
938 13 6 38
3360 12 1 38
539 12 2 38
2670 13 2 38
1742 7 19 39
491 8 19 39
1907 8 18 39
1716 6 15 39
1838 8 17 39
2684 8 8 39
1625 8 16 39
389 6 14 39
2399 7 14 39
2811 8 9 39
841 8 10 39
1113 8 11 39
1667 1 3 39
3057 7 4 39
1436 15 1 39
211 12 8 39
1892 16 1 39
1831 16 2 39
1581 16 3 39
1143 10 18 40
1346 10 17 40
3323 2 18 40
1067 4 18 40
978 9 16 40
3578 3 18 40
1509 0 15 40
154 3 17 40
980 0 14 40
742 1 14 40
812 3 16 40
3995 1 1 40
2259 0 5 40
2085 4 1 40
2592 4 2 40
24 4 3 40
970 4 4 40
2045 13 3 40
2564 18 17 41
2816 16 19 41
3417 15 19 41
4106 15 18 41
3137 14 18 41
1152 10 16 41
41 4 15 41
4324 2 7 41
4277 2 6 41
1327 3 7 41
3220 9 7 41
2804 9 6 41
2828 8 6 41
2581 8 3 41
4304 7 6 41
2329 9 3 41
366 9 4 41
1813 13 5 41
808 13 1 41
68 19 16 42
2775 18 16 42
4142 18 15 42
2696 11 14 42
1912 1 16 42
756 12 13 42
565 7 16 42
3136 1 15 42
4152 2 15 42
4227 2 14 42
2939 2 3 42
454 2 2 42
3659 1 2 42
569 19 6 42
1160 19 5 42
3049 13 7 42
1090 12 7 42
3978 18 5 42
2805 12 6 42
3084 18 4 42
794 10 0 42
1359 7 18 43
3381 2 17 43
3691 2 11 43
6 3 11 43
3532 3 10 43
1910 15 5 43
1508 6 16 44
1408 9 19 44
2058 6 17 44
944 8 19 44
403 7 17 44
2219 8 18 44
1841 11 10 44
4233 8 17 44
2551 8 16 44
1826 1 12 44
3009 2 12 44
766 2 13 44
1989 3 13 44
719 14 7 44
2496 17 18 45
2871 17 14 45
86 16 18 45
3665 15 18 45
733 14 18 45
388 4 19 45
3200 1 18 45
3982 4 18 45
1664 2 18 45
2199 13 11 45
420 9 10 45
2736 10 13 45
3168 8 10 45
3112 5 17 45
1750 2 1 45
3972 8 11 45
1115 2 0 45
698 12 5 45
2817 15 6 45
320 14 6 45
379 15 3 45
1582 14 5 45
1187 11 18 46
2945 11 9 46
1465 10 9 46
2153 10 10 46
3249 10 11 46
2208 10 3 46
3837 7 1 46
3660 7 0 46
974 19 17 47
1889 19 16 47
3848 18 16 47
1568 12 14 47
1158 12 13 47
3038 5 1 47
2430 5 2 47
2942 5 3 47
4253 6 3 47
1867 6 4 47
3060 16 8 47
1315 16 7 47
4161 18 6 47
2600 16 6 47
1602 11 2 47
3251 11 1 47
2933 19 15 48
679 18 15 48
1132 17 15 48
4198 11 17 48
558 3 19 48
4430 5 7 48
3819 6 7 48
1339 9 2 48
345 19 7 48
3394 9 3 48
1444 18 0 48
1430 9 4 48
2753 17 0 48
2637 17 8 48
3905 16 0 48
4311 19 4 48
2270 16 1 48
286 11 3 48
2389 17 19 49
3766 6 19 49
4282 6 18 49
493 6 17 49
3045 7 17 49
995 0 16 49
1503 1 16 49
1775 1 15 49
2798 2 15 49
309 3 1 49
77 2 1 49
1174 2 0 49
1070 1 0 49
470 0 0 49
3127 0 1 49
3632 0 2 49
2451 0 3 49
3085 0 4 49
1697 4 10 49
4270 1 4 49
452 1 5 49
2242 2 5 49
2782 8 7 49
1780 7 7 49
165 7 6 49
598 8 4 49
3658 19 2 49
1694 19 3 49
3890 8 1 49
4347 8 0 49
39 10 2 49
2223 9 0 49
2192 18 18 50
2332 17 18 50
3355 16 18 50
192 15 18 50
821 14 18 50
1512 13 18 50
2154 16 9 50
2755 12 18 50
3562 12 17 50
3713 2 8 50
2703 19 8 50
262 10 8 50
2377 18 8 50
3071 18 7 50
145 10 7 50
3335 11 7 50
1038 17 7 50
2648 11 6 50
3184 17 6 50
4279 17 5 50
2601 9 1 50
2503 10 1 50
377 10 0 50
2965 11 0 50
130 12 0 50
4223 13 0 50
3656 14 17 51
1774 11 19 51
1150 10 19 51
137 15 13 51
788 0 18 51
1062 9 19 51
1364 13 9 51
4243 11 16 51
3378 9 18 51
1662 1 18 51
272 14 13 51
1182 9 17 51
3878 2 18 51
2532 14 12 51
2997 8 17 51
858 3 18 51
48 13 12 51
442 8 16 51
1616 3 17 51
2676 3 16 51
1078 5 18 51
1873 4 17 51
3338 5 17 51
4283 4 16 51
1191 0 8 51
2299 0 7 51
2516 15 2 51
3230 16 2 51
1131 16 3 51
132 18 14 52
964 18 15 52
2493 17 15 52
2207 16 15 52
3221 16 11 52
1844 14 11 52
3797 0 13 52
35 0 14 52
4165 1 14 52
4303 2 14 52
3763 2 13 52
1935 3 13 52
2514 4 13 52
3548 6 0 52
1023 3 8 52
3464 5 0 52
1461 17 1 52
1511 13 8 52
2774 14 8 52
684 3 3 53
1575 3 6 53
3261 3 4 53
2238 3 5 53
2935 19 0 53
4264 19 1 53
2079 18 1 53
672 18 2 53
1513 18 3 53
2437 18 4 53
1541 15 7 53
962 16 5 53
2165 14 7 53
1641 14 6 53
1936 14 5 53
2831 2 10 54
3678 3 10 54
3315 1 8 54
1496 5 9 54
3919 6 8 54
1200 5 8 54
2034 6 1 54
2596 5 1 54
1623 4 3 54
828 12 1 54
775 13 3 54
221 12 2 54
2783 13 2 54
1561 19 14 55
1285 18 14 55
1215 18 15 55
1247 17 15 55
15 16 15 55
4123 17 9 55
3014 16 16 55
2241 15 16 55
3116 14 14 55
1959 14 16 55
2704 13 14 55
426 12 14 55
686 2 16 55
1440 1 10 55
605 7 10 55
4241 1 9 55
134 2 9 55
3019 3 9 55
779 10 4 55
1214 0 17 56
1684 0 18 56
3646 12 9 56
2233 1 18 56
1947 2 18 56
2862 3 18 56
3553 3 0 56
2524 2 0 56
2133 1 0 56
327 1 13 56
3224 0 0 56
3957 0 1 56
2824 2 13 56
3203 0 2 56
1026 2 4 56
2361 6 11 56
2148 4 11 56
1851 18 19 57
2827 18 18 57
963 17 18 57
463 17 13 57
1185 16 18 57
2603 16 13 57
2288 15 18 57
1730 17 11 57
2878 14 18 57
3233 14 17 57
1589 17 10 57
4068 13 17 57
3523 16 10 57
3544 13 16 57
93 9 14 57
3595 3 14 57
1242 3 13 57
2424 4 13 57
3500 6 9 57
2469 6 10 57
754 6 6 57
656 12 3 57
3879 15 9 58
1998 9 11 58
1306 7 13 58
1151 4 14 58
2898 6 13 58
4113 7 3 58
2054 4 1 58
675 3 2 58
3005 7 2 58
2018 6 2 58
3915 4 2 58
1678 4 3 58
3619 4 4 58
869 0 5 59
3869 15 1 59
4399 15 2 59
4440 16 2 59
3560 17 2 59
3357 12 8 59
3579 18 2 59
2699 13 8 59
372 18 3 59
2589 12 6 59
4059 14 8 59
1218 14 7 59
3833 13 6 59
1068 14 6 59
4310 14 5 59
1736 13 1 59
1974 13 19 60
3215 15 15 60
846 12 19 60
4117 11 19 60
4098 14 9 60
4306 0 19 60
2201 10 19 60
509 9 19 60
2974 0 18 60
4201 9 18 60
2854 1 18 60
2007 9 17 60
4053 2 18 60
2973 3 18 60
2719 8 17 60
3592 0 15 60
3132 3 17 60
276 0 14 60
416 8 16 60
2025 1 14 60
2142 1 13 60
3199 0 12 60
3438 1 1 60
3909 1 12 60
2102 0 1 60
731 0 2 60
1682 2 12 60
2989 3 12 60
1941 0 3 60
2772 0 4 60
2539 1 3 60
2865 1 11 60
2325 4 12 60
1815 1 10 60
4203 1 4 60
915 1 5 60
543 7 4 60
3772 19 11 61
1427 10 14 61
3554 3 15 61
2055 9 9 61
4188 8 9 61
3697 7 14 61
1226 8 10 61
1771 7 10 61
4034 7 11 61
2266 7 15 62
2995 0 11 62
131 0 10 62
3047 1 10 62
4196 9 0 62
326 8 0 62
1785 1 9 62
2378 2 9 62
3125 7 0 62
1103 6 0 62
334 3 9 62
3079 6 1 62
1446 12 7 62
2109 13 7 62
3193 15 3 62
3095 10 2 62
690 10 1 62
73 11 1 62
508 12 1 62
4286 13 1 62
1372 18 10 63
3253 18 11 63
1783 18 12 63
832 17 12 63
2283 16 12 63
4327 13 13 63
1382 13 14 63
2890 12 14 63
2254 2 19 63
1603 9 16 63
4325 11 13 63
293 11 11 63
3234 9 13 63
3956 0 6 63
298 8 3 63
3329 11 2 63
722 17 16 64
3568 15 14 64
2257 16 16 64
3432 15 15 64
1299 5 19 64
1830 5 18 64
652 5 17 64
4363 9 6 64
3795 7 7 64
2557 8 4 64
2049 19 2 64
4330 16 6 64
1102 19 3 64
2428 19 4 64
2074 18 3 64
1241 15 6 64
1643 14 6 64
166 12 5 64
2464 11 10 65
4092 1 6 65
1756 7 1 65
3219 1 7 65
2337 9 7 65
90 8 7 65
396 8 6 65
1180 17 8 65
2851 7 6 65
353 19 5 65
758 10 3 65
3150 11 3 65
3352 16 17 66
147 1 17 66
3753 13 15 66
3651 1 18 66
458 2 18 66
2651 3 18 66
2655 5 2 66
1376 5 3 66
2758 5 4 66
730 16 8 66
3393 16 7 66
3625 17 7 66
3425 17 6 66
4070 11 8 66
829 12 8 66
2617 12 7 66
2507 13 7 66
3141 13 6 66
4424 13 5 66
2269 10 0 66
1416 11 0 66
511 12 0 66
2959 13 0 66
3701 19 19 67
4331 19 18 67
1692 18 18 67
1010 17 18 67
3812 8 19 67
741 8 18 67
3895 12 13 67
4027 9 8 67
27 8 17 67
4144 8 16 67
1482 9 9 67
3747 10 13 67
3970 8 9 67
2500 3 1 67
1291 0 1 67
1679 2 1 67
3373 8 11 67
827 0 2 67
3369 2 2 67
2660 1 1 67
2043 1 2 67
3496 0 3 67
2194 9 1 67
804 8 1 67
2966 8 2 67
893 7 2 67
434 6 2 67
1136 6 3 67
2456 6 4 67
770 18 0 67
3881 17 0 67
1045 16 0 67
797 17 5 67
2527 19 10 68
1217 18 10 68
3414 18 11 68
3854 18 12 68
1747 17 12 68
3904 16 12 68
413 15 12 68
2367 15 11 68
1400 15 10 68
2438 14 10 68
1281 13 10 68
2560 12 10 68
1432 12 11 68
4211 9 10 68
718 8 10 68
4254 4 16 68
2217 5 16 68
999 2 3 68
3925 1 3 68
3135 4 5 68
2639 6 7 68
126 6 6 68
3214 9 2 68
4209 19 7 68
522 9 3 68
4041 19 6 68
1305 9 4 68
3541 12 3 68
2375 14 15 69
173 13 15 69
1100 3 19 69
3242 3 18 69
1041 6 12 69
952 5 7 69
3755 15 5 69
983 17 17 70
3760 17 18 70
1153 16 18 70
2501 10 9 70
3024 10 10 70
273 10 11 70
117 8 8 70
2847 3 11 70
1982 3 13 70
903 2 11 70
4049 4 13 70
611 7 8 70
1619 7 9 70
2629 1 11 70
3454 0 4 70
2387 1 4 70
4003 1 10 70
3596 6 9 70
3410 1 5 70
802 1 9 70
313 2 5 70
319 2 9 70
612 3 9 70
1920 2 6 70
4193 7 4 70
1097 17 2 70
4410 17 3 70
4202 10 18 71
2221 10 17 71
2463 10 16 71
64 0 16 71
1324 1 16 71
4442 1 15 71
3912 2 15 71
210 0 12 71
2578 0 8 71
1396 0 7 71
2887 1 7 71
1746 16 5 71
1341 7 19 72
3113 8 19 72
43 8 18 72
2157 7 16 72
2421 3 14 72
2104 4 11 72
3110 15 7 72
2508 16 7 72
2843 18 1 72
899 19 8 72
2445 18 8 72
3654 10 8 72
228 17 7 72
4044 18 7 72
481 10 7 72
3067 18 6 72
1519 11 7 72
78 11 6 72
1534 18 5 72
3670 10 4 72
1145 18 4 72
550 17 4 72
908 15 19 73
2188 1 19 73
3873 4 18 73
2590 4 17 73
2308 3 17 73
3298 9 14 73
4071 5 6 73
531 19 1 73
395 19 0 73
1906 18 0 73
3776 17 0 73
2112 13 3 73
4067 12 2 73
3087 13 2 73
180 16 10 74
3888 15 10 74
2859 14 10 74
824 0 18 74
2962 13 10 74
4002 1 18 74
1836 2 18 74
2151 13 11 74
3655 0 15 74
3080 12 11 74
681 2 17 74
676 0 14 74
838 2 16 74
680 1 14 74
2599 3 16 74
123 1 13 74
3613 3 15 74
2582 4 15 74
2665 1 12 74
1370 5 15 74
4069 5 14 74
4159 5 13 74
1913 6 11 74
3856 2 8 74
2214 2 7 74
1345 3 2 74
85 3 7 74
1119 4 2 74
81 4 3 74
1161 3 5 74
4016 15 0 74
1171 10 6 74
595 16 0 74
2761 18 9 75
929 13 17 75
798 6 18 75
1567 2 13 75
2136 2 12 75
1714 3 12 75
79 4 12 75
3710 5 12 75
3626 5 11 75
1705 5 0 75
994 5 1 75
3531 5 2 75
2275 17 1 75
1477 16 1 75
4028 16 2 75
3042 17 5 75
1146 16 3 75
1949 17 4 75
4072 16 4 75
3923 11 1 75
1987 12 1 75
3022 13 1 75
3783 19 16 76
3935 18 16 76
636 17 16 76
1351 17 17 76
2533 17 18 76
1562 16 19 76
3718 17 10 76
3746 11 17 76
3305 12 17 76
3623 11 9 76
3611 10 9 76
3829 10 10 76
4426 10 11 76
4273 0 3 76
523 0 4 76
2490 5 9 76
1699 6 8 76
4435 5 8 76
2050 19 9 77
3618 12 15 77
3844 11 4 77
3232 11 0 77
2417 12 0 77
3781 13 0 77
3448 15 16 78
3039 14 14 78
4278 14 13 78
787 11 2 78
2041 10 2 78
939 2 2 78
4441 12 6 78
1745 17 9 79
118 14 19 79
3976 10 19 79
376 18 9 79
1405 18 10 79
1559 9 19 79
2673 15 17 79
1325 18 11 79
3680 9 18 79
1698 9 17 79
4082 18 12 79
2427 17 12 79
689 8 17 79
2177 7 17 79
2331 16 12 79
4221 15 12 79
3328 14 12 79
1029 13 12 79
2078 12 12 79
1421 0 6 79
397 0 0 79
3351 0 1 79
3708 0 7 79
2255 10 0 79
2858 8 3 79
1245 7 0 79
2200 6 0 79
976 6 1 79
2598 13 8 79
2333 14 8 79
2345 14 7 79
3977 11 18 80
581 11 17 80
3456 8 0 80
1819 4 1 80
862 4 2 80
1666 4 3 80
4040 7 4 80
1585 18 2 80
29 17 2 80
2191 13 5 80
1417 0 19 81
820 6 19 81
356 0 18 81
1116 6 18 81
3062 6 17 81
2008 1 18 81
2697 6 16 81
1990 2 18 81
1908 6 15 81
1323 2 17 81
2202 6 14 81
9 2 16 81
1048 7 14 81
2449 9 13 81
3931 7 12 81
1665 3 1 81
3805 2 1 81
1204 0 2 81
2106 19 14 82
1651 16 14 82
2203 18 14 82
16 16 15 82
2864 18 15 82
854 17 15 82
1195 17 16 82
3814 17 19 82
1470 17 17 82
2168 11 13 82
1418 11 11 82
3371 0 13 82
3028 10 13 82
2406 1 13 82
1609 2 14 82
1766 2 13 82
1922 2 12 82
1839 3 12 82
3551 11 3 82
502 2 0 82
4004 4 12 82
383 0 10 82
2187 0 9 82
2732 11 2 82
449 0 8 82
2090 9 0 82
3186 1 8 82
817 19 4 82
3223 16 6 82
4019 15 6 82
4037 17 11 83
3803 4 19 83
2667 4 18 83
1864 4 17 83
1671 9 9 83
813 6 13 83
3243 10 3 83
1447 10 2 83
3727 2 6 83
4237 3 10 83
2290 10 1 83
3501 3 9 83
2511 9 1 83
3512 8 1 83
740 8 2 83
517 7 2 83
674 6 2 83
2135 7 3 83
1096 6 3 83
2261 6 4 83
1644 8 4 83
2899 19 2 83
3206 19 3 83
1111 18 3 83
1760 15 1 83
2002 17 3 83
1789 15 2 83
2791 18 17 84
2861 19 13 84
3924 18 13 84
3887 12 18 84
2413 11 18 84
725 9 16 84
1828 8 16 84
2740 2 5 84
241 11 8 84
503 19 5 84
4246 12 8 84
2197 10 4 84
2686 12 7 84
324 13 7 84
2436 13 6 84
2131 16 9 85
989 17 9 85
1842 18 9 85
3226 18 10 85
990 14 9 85
811 2 19 85
1279 2 18 85
1652 2 17 85
4308 5 15 85
2906 3 0 85
2394 1 9 85
124 7 7 85
1976 11 7 85
1539 11 6 85
2096 16 5 85
1494 19 11 86
3577 18 11 86
469 18 12 86
2548 17 12 86
1021 14 11 86
2969 10 14 86
2978 9 8 86
1881 9 9 86
1234 8 9 86
4170 1 7 86
2244 0 5 86
33 2 7 86
3486 1 5 86
441 9 6 86
3431 17 8 86
1076 17 7 86
1514 17 6 86
3072 19 6 86
3089 12 3 86
1265 17 14 87
1793 17 15 87
2695 17 16 87
1806 17 17 87
1701 16 13 87
3013 0 12 87
2876 0 13 87
3653 7 13 87
2675 1 13 87
1383 2 13 87
3375 6 9 87
3571 3 6 87
2724 19 7 87
67 10 8 87
3968 10 7 87
3785 16 0 87
2232 10 6 87
2911 16 1 87
1419 13 18 88
721 12 19 88
1434 11 19 88
1342 12 9 88
347 11 18 88
4383 11 17 88
3471 12 14 88
823 12 13 88
1799 6 7 88
1919 6 6 88
4032 19 8 88
1170 9 2 88
757 18 8 88
4267 9 3 88
3423 18 7 88
4195 18 6 88
1175 18 5 88
3994 15 0 88
3377 15 1 88
1981 15 2 88
4109 15 3 88
2625 0 17 89
3439 0 18 89
507 5 19 89
1802 5 16 89
394 5 18 89
4006 1 18 89
4305 5 17 89
488 2 18 89
1105 2 17 89
4099 4 17 89
198 3 2 89
3429 3 1 89
870 9 11 89
1518 7 8 89
3237 0 11 89
1927 3 0 89
169 1 11 89
3475 7 9 89
3761 2 0 89
3799 7 10 89
4186 1 0 89
269 1 10 89
2423 6 10 89
4340 2 10 89
2797 1 1 89
692 2 3 89
516 3 7 89
3426 5 7 89
4215 9 7 89
3828 4 4 89
922 8 7 89
1249 8 6 89
1266 7 6 89
473 16 8 89
1352 15 8 89
979 15 5 89
8 19 17 90
2873 18 17 90
2403 15 9 90
447 14 9 90
3721 13 9 90
425 13 10 90
1365 0 16 90
339 13 11 90
2790 4 16 90
3759 6 12 90
1445 1 6 90
3918 1 5 90
1628 16 7 90
367 15 7 90
2525 11 1 90
1805 12 1 90
2553 13 1 90
4258 17 13 91
3792 16 13 91
4249 0 14 91
3343 3 18 91
1092 1 14 91
1764 3 17 91
2711 3 16 91
3769 9 10 91
973 1 12 91
2343 2 12 91
1872 8 10 91
252 3 12 91
2857 4 13 91
1380 4 12 91
3542 6 8 91
3673 5 9 91
1587 5 8 91
3988 5 4 91
1142 18 19 92
2365 16 17 92
2841 16 11 92
4089 1 17 92
3 11 15 92
1012 5 10 92
1507 6 0 92
4365 6 1 92
3285 19 4 92
2022 13 8 92
4339 14 8 92
1618 16 2 92
639 17 5 92
13 16 6 92
3933 14 7 92
3093 16 3 92
2830 15 6 92
1526 7 16 93
1198 0 15 93
3561 9 13 93
815 4 15 93
2111 7 12 93
3535 0 9 93
2820 2 11 93
4266 2 1 93
3154 0 2 93
2850 7 0 93
4013 7 1 93
3198 7 2 93
1340 7 3 93
3830 17 0 93
2610 8 3 93
2729 17 1 93
1859 18 1 93
3703 18 2 93
3477 11 2 93
1211 13 3 93
4332 12 2 93
3030 13 2 93
1069 16 16 94
3951 19 18 94
2141 18 18 94
1448 15 11 94
3589 3 19 94
1772 3 18 94
2802 3 17 94
3209 3 16 94
2713 3 13 94
2286 6 10 94
1788 0 7 94
663 0 8 94
1994 1 8 94
2245 0 3 94
1095 0 4 94
3985 1 3 94
3743 1 4 94
3688 3 7 94
2587 10 0 94
691 5 3 94
2415 9 0 94
3270 18 0 94
2258 19 0 94
