754125
2023
4165 19 19 1
2643 19 18 1
2823 18 19 1
4259 19 17 1
2590 17 19 1
1076 18 18 1
4252 19 16 1
1975 16 19 1
848 17 18 1
1787 18 17 1
82 15 19 1
2150 16 18 1
1371 17 17 1
4590 18 16 1
3875 19 15 1
398 17 16 1
21 14 19 1
1021 15 18 1
127 16 17 1
2725 19 14 1
2989 18 15 1
3446 17 15 1
2414 18 14 1
4896 16 16 1
820 19 13 1
1032 15 17 1
3797 13 19 1
3108 14 18 1
2363 16 15 1
3854 18 13 1
1848 17 14 1
3647 14 17 1
4392 12 19 1
1639 13 18 1
1273 15 16 1
2637 19 12 1
278 12 18 1
3170 19 11 1
4346 16 14 1
3637 18 12 1
4467 11 19 1
619 17 13 1
1707 14 16 1
3148 15 15 1
2321 13 17 1
4243 13 16 1
3612 14 15 1
2586 10 19 1
1334 0 19 1
2230 15 14 1
1519 19 0 1
1912 16 13 1
4878 12 17 1
2697 19 10 1
2106 17 12 1
3442 11 18 1
2166 18 11 1
3632 17 11 1
3642 14 14 1
4749 13 15 1
1748 18 0 1
2706 12 16 1
675 18 10 1
4877 1 19 1
1218 16 12 1
4714 11 17 1
1913 19 9 1
4856 10 18 1
1546 0 18 1
1648 19 1 1
2909 15 13 1
4158 9 19 1
2800 13 14 1
216 15 12 1
4738 16 11 1
798 17 0 1
99 18 1 1
1455 19 2 1
2201 19 8 1
718 8 19 1
4133 1 18 1
2284 18 9 1
102 11 16 1
1742 12 15 1
4305 9 18 1
61 0 17 1
2480 10 17 1
634 2 19 1
4476 17 10 1
3218 14 13 1
2884 16 0 1
2864 9 17 1
892 11 15 1
553 10 16 1
1483 15 11 1
3783 8 18 1
159 12 14 1
2397 7 19 1
1309 13 13 1
4182 6 0 1
75 14 12 1
482 16 10 1
4471 1 17 1
1794 3 19 1
4140 19 3 1
2052 17 1 1
411 18 8 1
2017 18 2 1
3890 19 7 1
3827 17 9 1
4070 2 18 1
880 0 16 1
1297 12 13 1
2098 17 2 1
1890 17 8 1
1001 3 18 1
4786 2 17 1
901 7 18 1
3789 8 17 1
3092 18 7 1
3407 14 11 1
3597 6 19 1
4214 15 0 1
4898 7 0 1
3437 18 3 1
3986 13 12 1
4656 0 15 1
515 1 16 1
2432 16 1 1
2875 6 1 1
610 19 4 1
2990 11 14 1
1013 10 15 1
821 19 6 1
645 9 16 1
2606 16 9 1
3624 4 19 1
867 15 10 1
2907 2 16 1
1090 8 0 1
1992 7 17 1
4511 10 14 1
4772 0 14 1
154 12 12 1
4542 13 11 1
4461 19 5 1
1984 18 4 1
3312 18 6 1
3251 9 15 1
3555 11 13 1
2303 8 16 1
1222 1 15 1
769 16 2 1
1513 17 7 1
2243 15 1 1
1933 3 17 1
3155 17 3 1
1406 6 2 1
2486 5 19 1
1704 6 18 1
3143 7 1 1
161 15 9 1
3176 14 10 1
1442 14 0 1
3416 4 18 1
983 16 8 1
404 0 13 1
3283 17 6 1
3598 15 2 1
950 10 13 1
2525 12 11 1
4861 6 3 1
3168 1 14 1
1831 16 3 1
76 4 17 1
2780 5 18 1
3264 11 12 1
4205 9 14 1
847 15 8 1
2762 16 7 1
3855 18 5 1
2648 8 1 1
2771 14 9 1
2178 13 10 1
1649 2 15 1
3946 13 0 1
1426 7 2 1
1186 6 17 1
4043 17 4 1
299 14 1 1
4502 7 16 1
3606 9 0 1
2325 8 15 1
3285 3 16 1
3431 10 0 1
1082 10 12 1
2948 14 2 1
2528 16 4 1
3691 14 8 1
4242 16 6 1
4235 13 9 1
1821 13 1 1
1832 11 11 1
1770 15 7 1
3039 17 5 1
549 15 3 1
3468 12 0 1
1232 12 10 1
4310 0 12 1
2570 4 16 1
1864 9 1 1
694 3 15 1
2881 8 14 1
2301 6 4 1
2143 6 16 1
2111 7 3 1
1998 9 13 1
1480 2 14 1
2977 5 17 1
480 1 13 1
1579 8 2 1
3870 7 15 1
2104 12 1 1
2417 15 4 1
3838 15 6 1
1641 7 14 1
4301 6 15 1
2471 5 16 1
3653 12 9 1
4265 9 2 1
325 8 13 1
2223 7 4 1
4883 14 7 1
3344 13 2 1
3782 14 3 1
2400 13 8 1
2349 8 3 1
4816 16 5 1
3275 11 0 1
1739 2 13 1
2614 3 14 1
2322 9 12 1
1380 11 10 1
3829 10 11 1
4041 1 12 1
2869 10 1 1
2920 4 15 1
377 10 2 1
1940 11 1 1
3443 14 6 1
4368 8 4 1
4324 2 12 1
4614 13 3 1
843 14 4 1
3516 7 13 1
3050 13 7 1
2183 8 12 1
420 3 13 1
4635 4 14 1
1501 9 3 1
1475 12 8 1
3758 11 9 1
4167 6 14 1
4580 10 10 1
2541 12 2 1
3281 9 11 1
3901 15 5 1
1085 5 15 1
3126 10 9 1
3729 7 12 1
2970 14 5 1
849 3 12 1
3726 4 13 1
2642 6 13 1
59 5 14 1
1346 13 6 1
323 10 3 1
1601 11 2 1
2851 11 8 1
3140 9 10 1
2735 9 4 1
3515 12 3 1
3740 12 7 1
3787 8 11 1
4388 13 4 1
4282 12 4 1
1061 4 12 1
920 11 7 1
4089 9 9 1
4370 6 12 1
1421 5 13 1
2975 12 6 1
1575 13 5 1
4565 8 10 1
3127 10 8 1
485 7 11 1
3082 11 3 1
626 10 4 1
1771 5 12 1
390 9 8 1
4462 7 10 1
1204 11 4 1
3323 11 6 1
179 10 7 1
1017 8 9 1
3801 12 5 1
3756 6 11 1
2083 9 7 1
2636 6 10 1
2487 5 11 1
2661 7 9 1
3419 10 6 1
448 8 8 1
987 11 5 1
1285 9 6 1
1775 6 9 1
3944 7 8 1
3582 5 10 1
4316 4 11 1
1159 8 7 1
1294 10 5 1
2434 8 6 1
2443 4 10 1
3893 5 9 1
3867 9 5 1
2030 7 7 1
1656 3 11 1
4340 6 8 1
3162 5 8 1
1486 2 11 1
3402 3 10 1
3777 6 7 1
3314 7 6 1
2438 4 9 1
1179 8 5 1
2364 3 9 1
3260 5 7 1
749 1 11 1
1619 2 10 1
1081 4 8 1
3877 6 6 1
3278 7 5 1
2769 2 9 1
35 1 10 1
2331 4 7 1
1818 0 11 1
2579 5 6 1
3232 6 5 1
774 3 8 1
1048 0 10 1
4757 2 8 1
4788 3 7 1
428 1 9 1
2209 4 6 1
2002 5 5 1
4792 2 7 1
4776 1 8 1
3386 0 9 1
2818 4 5 1
1465 5 4 1
11 3 6 1
4897 5 3 1
761 0 8 1
3914 3 5 1
2659 2 6 1
1977 4 4 1
4459 1 7 1
4812 5 2 1
3110 0 7 1
3768 4 3 1
249 2 5 1
2921 1 6 1
3983 3 4 1
3593 1 5 1
2751 5 1 1
3530 4 2 1
566 0 6 1
2791 2 4 1
1747 3 3 1
1574 4 1 1
4086 2 3 1
2778 5 0 1
3574 0 5 1
2705 1 4 1
3153 3 2 1
3177 0 4 1
2631 3 1 1
3785 1 3 1
2160 4 0 1
3549 2 2 1
925 1 2 1
1789 2 1 1
534 3 0 1
2329 0 3 1
1822 1 1 1
251 2 0 1
4570 0 2 1
3388 1 0 1
1167 0 1 1
3132 0 0 1
2732 0 1 5
3316 0 3 6
3223 0 2 6
3447 2 2 6
494 2 1 6
898 0 5 7
4864 0 4 7
685 1 4 7
3303 2 3 7
4726 3 2 7
1209 5 0 7
1627 1 3 7
1003 3 1 7
2788 1 2 7
3780 1 1 7
3889 0 7 8
3012 0 6 8
2258 1 7 8
2069 1 6 8
4007 2 6 8
2691 1 5 8
3178 2 5 8
1985 2 4 8
4729 3 4 8
2759 3 3 8
546 4 4 8
2005 4 3 8
4558 4 2 8
3996 0 11 9
307 0 10 9
3952 0 9 9
2276 0 8 9
2746 1 9 9
2339 1 8 9
4815 2 8 9
801 3 8 9
2308 2 7 9
3968 3 7 9
2867 3 6 9
2556 4 7 9
1712 3 5 9
4505 4 6 9
424 6 5 9
2115 4 5 9
1224 1 11 10
1541 1 10 10
4654 2 11 10
4737 2 10 10
3991 3 11 10
293 10 5 10
3567 2 9 10
400 3 10 10
1539 9 5 10
3429 3 9 10
3520 4 10 10
4054 8 5 10
18 4 9 10
1533 6 8 10
1138 5 9 10
665 7 5 10
4438 4 8 10
1448 7 7 10
3643 5 8 10
1015 6 7 10
577 5 7 10
1918 4 11 11
3157 5 12 11
3551 5 11 11
2613 6 11 11
3214 5 10 11
4233 6 10 11
2624 11 3 11
2945 12 5 11
2004 6 9 11
838 10 8 11
3415 9 8 11
1553 10 7 11
1581 8 9 11
3548 9 7 11
3821 3 12 12
473 4 12 12
2553 4 13 12
335 10 9 12
4270 11 2 12
4636 10 10 12
209 9 9 12
1423 12 2 12
2262 13 4 12
455 9 10 12
4852 8 10 12
3671 12 7 12
2696 4 15 13
811 11 0 13
1693 5 13 13
3823 9 12 13
4048 8 12 13
1481 6 12 13
2068 14 4 13
2753 9 3 13
2293 11 10 13
1041 11 9 13
3636 13 7 13
990 13 5 13
46 6 15 14
4144 8 2 14
2628 6 13 14
12 8 3 14
4416 9 2 14
3191 13 2 14
2568 15 4 14
4534 14 7 14
1840 5 2 14
3492 5 1 14
1461 0 12 15
2947 1 12 15
3054 2 12 15
3418 3 16 15
2537 6 16 15
4076 2 14 15
1645 4 16 15
3581 12 0 15
988 8 15 15
3623 7 16 15
1883 9 0 15
2034 7 15 15
1131 8 14 15
3131 10 0 15
223 10 12 15
1165 14 2 15
3505 16 4 15
504 6 4 15
3428 12 10 15
579 15 7 15
3222 12 9 15
4175 6 17 16
3308 13 0 16
605 11 12 16
1776 7 2 16
2508 17 4 16
992 16 7 16
1763 14 9 16
4503 2 6 16
4676 0 13 17
3724 4 18 17
2692 14 0 17
3687 14 1 17
2163 13 1 17
1038 12 1 17
4139 11 1 17
1892 15 9 17
3058 0 6 17
4813 1 7 17
4082 1 6 17
487 1 5 17
1609 2 5 17
1687 2 4 17
3604 3 4 17
39 3 3 17
3927 0 14 18
195 1 14 18
2993 1 13 18
1946 6 18 18
2333 2 16 18
4552 3 17 18
4197 2 13 18
1525 3 13 18
3625 7 1 18
4814 18 4 18
4848 16 2 18
3366 12 12 18
1904 9 15 18
1153 9 14 18
4540 15 10 18
416 12 11 18
1827 11 11 18
2288 14 10 18
4170 17 7 18
1680 10 11 18
4857 9 11 18
591 8 11 18
523 3 2 18
2777 5 0 18
3873 3 1 18
3068 0 15 19
4103 4 19 19
622 6 1 19
865 18 3 19
2157 16 1 19
2479 11 14 19
2444 9 16 19
3345 10 15 19
831 6 2 19
141 10 14 19
4623 8 16 19
432 19 6 19
2592 13 12 19
3660 6 3 19
2674 7 3 19
3517 7 4 19
2946 8 4 19
3300 9 4 19
3478 2 3 19
4390 0 16 20
570 2 18 20
4304 6 19 20
1678 1 16 20
2461 5 19 20
1765 1 15 20
4563 5 18 20
4865 2 15 20
734 3 15 20
530 3 14 20
2275 8 17 20
3142 4 14 20
4396 17 9 20
4834 17 8 20
958 0 5 20
475 0 4 20
1226 1 4 20
3008 1 3 20
3188 2 2 20
1930 2 1 20
1871 1 2 20
2519 1 1 20
673 17 1 21
309 8 18 21
1582 18 2 21
1268 6 0 21
4584 7 0 21
4732 17 2 21
3151 15 11 21
4457 8 0 21
1126 17 3 21
1959 19 7 21
757 8 1 21
3554 16 3 21
1824 9 1 21
1516 10 1 21
575 10 2 21
4514 10 3 21
2039 10 4 21
3118 0 3 21
4658 0 2 21
519 0 1 21
4778 9 18 22
3021 9 17 22
3954 0 17 22
4344 2 19 22
2316 3 19 22
1538 3 18 22
3362 19 8 22
3476 17 10 22
2176 0 18 23
1621 10 18 23
3434 10 17 23
1335 18 1 23
3156 10 16 23
2991 19 1 23
3117 19 2 23
715 19 9 23
387 19 3 23
1197 9 19 23
3349 16 11 23
3511 8 19 23
1766 19 4 23
2000 13 14 23
330 7 19 23
4650 19 5 23
1841 16 10 23
1600 7 18 23
4183 16 9 23
4066 18 5 23
681 17 5 23
4157 16 8 23
1143 7 17 23
4074 16 5 23
2270 15 8 23
4791 7 16 23
1349 15 5 23
2808 14 8 23
2392 7 15 23
414 14 5 23
4355 8 8 23
1492 8 7 23
2395 6 7 23
4360 16 12 24
4674 13 15 24
2096 11 15 24
2731 15 12 24
1691 14 12 24
2520 14 11 24
1867 13 11 24
1353 13 10 24
3553 13 9 24
3916 13 8 24
2058 12 8 24
351 11 8 24
2513 11 7 24
4657 5 9 24
836 6 8 24
4681 7 5 24
2595 17 12 25
4166 17 11 25
2660 19 10 25
4448 11 16 25
2362 14 14 25
911 4 6 25
1261 6 5 25
3163 0 19 26
305 10 19 26
2429 11 19 26
3289 1 19 26
1735 19 0 26
176 14 15 26
2761 11 18 26
1647 1 18 26
1793 11 17 26
3902 18 0 26
3766 17 13 26
1341 1 17 26
1606 15 15 26
2836 13 17 26
2103 15 14 26
768 17 0 26
2137 2 17 26
3463 16 0 26
4538 3 17 26
2317 15 0 26
862 4 17 26
1695 15 1 26
396 5 17 26
855 15 2 26
1618 5 16 26
2237 15 3 26
4056 5 15 26
615 5 14 26
1320 14 3 26
415 13 3 26
4136 6 14 26
1556 12 3 26
1439 7 14 26
1610 12 4 26
2119 11 4 26
2981 4 10 26
1650 8 5 26
262 3 5 26
4677 4 5 26
511 19 12 27
4087 12 19 27
2063 13 18 27
4400 15 16 27
2593 19 11 27
1489 18 12 27
4332 12 18 27
609 18 11 27
1746 12 17 27
2095 18 10 27
2554 18 9 27
3098 18 8 27
4620 18 7 27
3166 18 6 27
3009 8 9 27
437 9 5 27
13 5 8 27
294 17 14 28
2973 15 7 28
2930 13 5 28
3069 9 10 28
829 8 10 28
1174 3 11 28
2503 3 10 28
4383 10 7 28
91 10 5 28
2129 3 6 28
721 3 7 28
3347 3 1 28
1035 6 4 29
924 7 4 29
1811 8 4 29
1279 9 4 29
2911 13 7 29
418 2 10 29
959 2 7 29
1514 3 9 29
2453 4 9 29
4306 5 0 29
32 13 19 30
1112 13 18 30
94 19 13 30
1303 14 18 30
621 15 17 30
3641 14 17 30
36 14 16 30
564 13 16 30
1321 12 16 30
583 12 15 30
2988 12 14 30
2105 14 2 30
977 16 4 30
2345 17 7 30
2430 17 6 30
1733 16 5 30
3545 14 3 30
900 16 6 30
2404 11 9 30
2355 17 15 31
4209 15 10 31
4645 9 15 31
967 14 10 31
1460 9 14 31
2492 11 10 31
2928 12 11 31
3904 11 11 31
3390 10 12 31
17 10 11 31
4037 13 4 31
2494 9 11 31
2032 8 11 31
979 2 11 31
2458 2 10 31
1925 10 8 31
2481 2 9 31
3672 19 14 32
4142 18 15 32
3526 18 14 32
4629 9 3 32
3760 8 14 32
4663 12 5 32
3786 0 8 32
1452 6 9 32
995 6 7 32
1523 2 3 32
4401 2 2 32
90 3 2 32
2350 12 12 33
952 9 0 33
3930 10 0 33
3149 0 9 33
824 8 8 33
2685 8 7 33
1150 14 19 34
4220 14 18 34
72 15 18 34
2567 15 17 34
883 17 16 34
1851 16 17 34
4371 16 16 34
1955 16 15 34
1325 16 14 34
1711 18 4 34
264 16 2 34
2663 6 3 34
3761 15 2 34
4884 19 6 34
3211 13 12 34
3928 18 5 34
1613 17 5 34
2279 13 11 34
1072 12 0 34
1425 14 2 34
1299 18 6 34
2607 8 16 34
3219 8 15 34
1914 14 3 34
3381 12 1 34
2035 13 10 34
509 14 4 34
1250 13 3 34
4859 12 2 34
123 12 3 34
2755 12 4 34
709 9 9 34
319 9 8 34
3359 9 7 34
4488 2 1 34
1230 19 15 35
3372 17 9 35
672 7 1 35
4057 17 8 35
2425 8 1 35
4375 17 7 35
1146 10 14 35
4315 10 10 35
212 9 1 35
25 11 10 35
4442 10 1 35
2879 17 6 35
1679 16 6 35
215 12 10 35
1585 12 9 35
2244 15 6 35
3514 1 11 35
4299 0 10 35
166 1 10 35
4444 1 9 35
1817 1 8 35
2834 3 4 35
835 3 3 35
1908 0 5 35
1512 4 3 35
4910 0 4 35
3182 4 2 35
2662 2 13 36
874 6 2 36
3229 3 13 36
899 3 15 36
3701 6 3 36
868 8 17 36
2998 7 3 36
2127 11 2 36
3256 7 4 36
2135 8 4 36
1569 10 2 36
1155 9 4 36
4453 10 3 36
1305 6 12 36
1322 10 4 36
1694 2 6 36
854 2 5 36
2187 2 4 36
3334 1 5 36
1673 1 4 36
4809 1 3 36
1190 1 2 36
2861 1 1 36
2639 18 16 37
2245 18 15 37
722 18 14 37
1786 18 13 37
3973 2 16 37
4527 17 13 37
4357 2 17 37
3267 3 17 37
213 4 17 37
4613 6 16 37
4374 16 7 37
4680 14 9 37
4724 17 17 38
2601 6 18 38
2548 19 4 38
290 5 18 38
1456 13 14 38
2707 5 17 38
4431 10 15 38
490 10 14 38
845 14 7 38
1911 3 16 39
1981 4 16 39
4106 15 4 39
1328 0 11 39
630 0 10 39
3828 1 10 39
2672 1 9 39
4356 3 5 39
1316 4 5 39
3103 15 19 40
1572 15 18 40
412 16 18 40
2498 1 15 40
3106 16 3 40
3669 2 15 40
1982 16 2 40
333 8 12 40
1457 0 3 40
1193 0 2 40
2022 0 1 40
4545 19 7 41
1088 13 17 41
3252 16 13 41
1548 19 6 41
896 13 16 41
2151 18 6 41
1889 12 16 41
706 1 13 41
150 2 12 41
4495 9 19 41
1388 12 15 41
291 15 0 41
1745 8 19 41
1045 2 13 41
965 17 6 41
1413 16 6 41
780 7 19 41
2050 7 18 41
3774 10 9 41
1963 11 14 41
1814 16 7 41
3254 10 10 41
1216 14 2 41
2123 16 8 41
4302 7 17 41
2055 13 2 41
4092 11 10 41
1291 12 10 41
4364 12 9 41
3130 0 6 41
1860 4 10 41
367 5 9 41
1337 5 10 41
947 1 6 41
3194 1 7 41
2447 6 10 41
2540 1 8 41
2338 6 8 41
3112 7 5 41
4717 17 18 42
3816 5 19 42
1716 5 18 42
2863 5 17 42
2825 7 2 42
1778 4 13 42
1591 7 3 42
1529 7 4 42
4574 8 4 42
2192 9 4 42
2840 10 4 42
2313 12 7 42
3817 5 7 42
1010 6 5 42
3263 5 13 43
1006 9 2 43
1482 9 12 43
4336 19 16 44
3224 18 18 44
1445 18 16 44
3305 18 17 44
644 17 17 44
346 15 15 44
3115 18 0 44
1092 17 0 44
3767 19 8 44
1757 16 0 44
4150 19 9 44
2608 16 1 44
105 19 4 44
507 17 2 44
2080 18 9 44
2715 17 10 44
4490 19 5 44
2132 10 16 44
1509 15 1 44
165 17 9 44
273 18 5 44
985 9 16 44
3658 15 2 44
1009 11 0 44
3607 11 1 44
2609 8 16 44
4226 15 3 44
1247 14 3 44
2551 7 16 44
334 7 15 44
567 10 8 44
4193 18 1 45
2832 19 1 45
3634 11 17 45
661 19 2 45
4876 12 17 45
379 19 3 45
2016 7 0 45
4155 8 0 45
452 8 1 45
2957 9 1 45
955 10 1 45
1401 10 2 45
917 13 9 45
850 10 3 45
2994 15 13 46
3605 6 1 46
2369 6 2 46
3107 7 2 46
3608 5 16 46
3587 7 3 46
3994 5 15 46
3955 8 3 46
3965 8 4 46
2760 9 4 46
2575 10 4 46
2727 2 11 46
3900 2 10 46
783 2 9 46
1847 9 5 46
807 2 8 46
1882 5 8 46
814 2 19 47
1594 1 18 47
137 3 19 47
3716 1 17 47
4275 2 17 47
4080 13 4 47
3101 4 12 47
2814 6 13 47
4529 5 12 47
47 5 11 47
2459 6 11 47
4249 8 9 47
395 2 1 47
2740 18 19 48
776 17 19 48
4190 16 19 48
2799 16 18 48
3061 14 12 48
4601 18 7 48
3426 14 11 48
2815 0 14 48
1156 18 8 48
2501 1 14 48
4414 10 11 48
3421 9 11 48
1229 8 11 48
7 9 9 48
3609 9 8 48
2328 9 7 48
3279 5 2 48
1194 5 1 48
1364 3 1 48
119 19 18 49
543 19 17 49
1418 18 17 49
233 17 17 49
3976 16 17 49
1434 16 16 49
1866 16 15 49
1749 11 18 49
4567 16 14 49
3231 17 1 49
2097 15 14 49
1620 15 12 49
4060 18 1 49
438 15 11 49
2269 14 14 49
3076 18 2 49
981 18 3 49
3521 16 11 49
4075 17 3 49
2943 8 18 49
1577 16 10 49
1785 7 18 49
1177 17 4 49
2239 10 12 49
3561 17 5 49
3664 7 17 49
608 12 2 49
3479 11 3 49
3865 4 9 49
1823 7 5 49
359 4 8 49
1024 5 0 49
4331 0 5 49
3298 0 4 49
791 0 3 49
2711 0 2 49
3648 0 1 49
4769 6 19 50
4712 5 19 50
1034 4 19 50
2984 3 19 50
1839 1 12 50
460 2 12 50
522 2 13 50
1819 14 0 50
1393 14 1 50
873 14 4 50
2774 4 10 50
951 5 9 50
230 5 10 50
6 6 10 50
1330 10 7 50
3543 10 5 50
204 3 9 50
2600 4 7 50
3461 3 4 50
3626 3 3 50
1865 10 18 51
3905 10 17 51
3764 4 18 51
1189 19 10 51
4667 0 15 51
1921 12 11 51
3206 11 11 51
1530 11 12 51
4789 13 9 51
893 0 6 51
4010 1 11 51
1370 1 6 51
2281 2 11 51
20 1 7 51
3234 12 18 52
2892 11 18 52
4736 17 11 52
383 11 17 52
918 18 11 52
4618 14 15 52
1706 11 16 52
275 18 10 52
53 14 14 52
2264 12 16 52
3815 11 15 52
4807 14 13 52
3044 13 13 52
1830 9 14 52
3613 10 8 52
2330 1 2 52
1518 1 19 53
1854 19 0 53
199 19 1 53
902 17 7 53
4248 18 7 53
982 18 1 53
1856 18 8 53
1095 18 2 53
4225 18 9 53
986 18 3 53
2391 11 0 53
2342 11 1 53
1172 17 3 53
196 14 10 53
4119 15 3 53
569 15 9 53
4619 11 10 53
2956 14 3 53
919 15 6 53
2588 3 11 53
3808 14 6 53
1721 3 10 53
2009 2 10 53
4850 2 9 53
1898 2 7 53
552 6 7 53
1845 0 17 54
3803 1 17 54
3212 1 18 54
3365 0 13 54
2332 0 14 54
1191 13 15 54
1903 1 14 54
4347 12 15 54
2796 12 14 54
1419 12 0 54
1087 2 14 54
70 3 14 54
4836 12 1 54
3810 16 7 54
3964 14 2 54
1554 8 2 54
4429 8 15 54
3086 10 10 54
3138 9 10 54
57 0 8 54
3063 8 10 54
4191 1 8 54
3751 6 9 54
1559 2 8 54
95 3 8 54
4460 3 7 54
1710 3 6 54
2734 1 5 54
2170 4 6 54
1644 1 4 54
4253 1 3 54
281 17 12 55
688 18 12 55
3871 18 11 55
758 6 17 55
2495 18 10 55
3963 5 17 55
4377 5 16 55
752 17 10 55
3668 10 16 55
2139 19 5 55
1500 11 14 55
3560 16 9 55
2490 13 0 55
4289 18 5 55
4606 12 8 55
1014 12 5 55
4163 5 3 55
2435 19 4 56
3570 17 2 56
4011 17 3 56
483 18 4 56
4372 9 15 56
1923 17 4 56
181 13 12 56
3856 17 5 56
1555 13 11 56
479 16 4 56
4524 13 10 56
1384 16 5 56
255 12 10 56
454 15 5 56
224 14 5 56
2634 10 9 56
1240 12 9 56
4179 13 5 56
2463 11 9 56
1942 11 8 56
1699 11 7 56
79 17 16 57
4263 7 19 57
2033 7 18 57
1607 6 4 57
89 7 4 57
3306 0 16 58
2056 0 17 58
1348 1 17 58
978 1 18 58
4298 14 16 58
3370 2 18 58
1701 14 15 58
1604 3 18 58
2623 16 0 58
1566 3 17 58
3535 3 16 58
2427 17 6 58
2917 9 18 58
1804 4 16 58
3993 9 17 58
2165 16 6 58
1799 7 1 58
4358 4 15 58
800 9 16 58
4609 7 2 58
1180 16 7 58
3650 8 16 58
2102 8 2 58
3857 8 3 58
3484 8 4 58
3457 9 4 58
2120 10 4 58
2679 19 8 59
2511 19 9 59
369 14 9 59
4246 8 14 59
2953 8 12 59
3259 8 7 59
2526 14 18 60
991 14 17 60
3184 15 17 60
2530 15 16 60
1885 19 11 60
1934 18 11 60
78 2 6 60
1968 2 5 60
2704 2 4 60
3704 2 3 60
2174 2 2 60
1919 3 2 60
623 16 3 61
4882 16 2 61
4700 8 19 61
350 2 15 61
3355 15 0 61
779 15 10 61
1782 15 9 61
3651 6 12 61
2992 8 8 61
3680 5 4 61
2925 19 15 62
3919 19 16 62
1614 19 17 62
3398 18 17 62
131 17 17 62
2866 19 13 62
261 16 17 62
276 18 13 62
961 16 12 62
499 16 16 62
2396 17 13 62
1805 17 15 62
2113 12 19 62
786 16 13 62
2024 16 15 62
2580 17 12 62
3470 18 12 62
145 12 18 62
3179 0 12 62
4109 0 13 62
4696 0 14 62
3051 5 2 62
440 5 1 62
853 3 1 62
668 10 0 63
3703 11 0 63
3024 12 0 63
702 13 0 63
4367 9 3 63
28 9 4 63
1590 10 4 63
3933 9 9 63
4124 0 9 63
1653 9 8 63
879 9 7 63
3804 0 8 63
114 0 18 64
1378 1 18 64
2130 2 18 64
904 3 18 64
2254 9 19 64
4267 3 17 64
3459 3 16 64
2794 8 19 64
1338 7 19 64
2524 7 18 64
3124 7 17 64
4154 15 7 64
1828 1 9 64
2518 1 8 64
502 6 7 64
4278 5 6 64
3203 5 0 64
4605 0 5 64
65 0 4 64
4294 0 3 64
3872 0 2 64
3357 0 1 64
3383 11 19 65
4873 1 15 65
4602 6 16 65
1385 5 16 65
2374 12 2 65
3869 12 4 65
3556 9 11 65
4697 8 11 65
4201 3 11 65
497 3 10 65
1635 9 5 65
3949 4 9 65
3775 6 6 65
2171 19 12 66
2067 13 18 66
198 18 0 66
4069 12 18 66
2162 18 12 66
1133 11 18 66
1476 17 0 66
4084 18 11 66
122 1 13 66
3715 18 10 66
2847 16 0 66
1788 18 9 66
1943 1 14 66
512 16 1 66
2215 15 1 66
3066 2 14 66
667 17 9 66
3405 17 8 66
3453 10 11 66
3427 14 1 66
557 3 14 66
163 18 6 66
4595 13 1 66
2257 10 12 66
1915 5 15 66
823 7 3 66
2049 13 2 66
4425 17 6 66
2792 8 3 66
2457 6 15 66
550 9 3 66
2860 16 6 66
2099 14 7 66
598 15 6 66
4244 10 3 66
890 14 6 66
4292 0 11 66
1547 0 10 66
4608 1 10 66
4314 19 19 67
1702 19 18 67
945 19 17 67
2686 13 16 67
4750 18 17 67
682 17 17 67
2081 14 16 67
3045 15 16 67
3972 10 14 67
1016 13 11 67
324 10 2 67
538 12 9 67
164 5 7 67
3474 5 8 67
1900 4 8 67
3440 3 8 67
1116 3 4 67
129 3 3 67
897 4 17 68
4644 10 15 68
3874 14 12 68
4062 8 18 68
2758 14 11 68
2841 7 18 68
2931 7 17 68
870 1 11 68
3736 2 11 68
144 10 5 68
2967 2 10 68
827 0 6 68
3957 3 9 68
889 2 9 68
1255 1 6 68
561 2 8 68
392 1 7 68
338 2 7 68
3913 4 7 68
4373 3 7 68
4051 3 6 68
3081 3 5 68
2539 2 1 68
3016 15 18 69
2221 18 2 69
1389 15 15 69
3941 18 3 69
3749 18 4 69
4326 2 16 69
1726 17 4 69
2509 3 16 69
1608 16 4 69
1067 4 16 69
1958 4 13 69
1137 4 15 69
1784 12 7 69
4559 10 7 69
4525 13 19 70
1039 13 18 70
74 12 18 70
2156 11 18 70
4715 11 17 70
4078 11 16 70
3594 8 0 70
426 18 8 70
318 17 8 70
3139 16 8 70
1020 9 12 70
806 15 8 70
4557 12 10 70
4221 14 8 70
1602 11 10 70
1256 11 9 70
3734 11 8 70
1544 6 10 70
4708 11 7 70
1331 8 9 70
3059 4 6 70
2787 18 14 71
2944 18 13 71
287 17 13 71
3795 16 13 71
297 16 11 71
3430 12 11 71
4424 11 11 71
1318 6 2 71
742 16 10 71
4339 8 17 71
2249 11 12 71
531 19 6 71
2638 7 2 71
4480 18 6 71
2739 17 6 71
2263 5 9 71
4350 4 10 71
4378 16 6 71
3490 15 6 71
2015 5 10 71
267 14 6 71
4018 5 3 71
2843 17 19 72
1326 0 15 72
2824 1 15 72
2473 1 14 72
4114 6 3 72
2651 7 3 72
1315 8 3 72
2448 9 3 72
10 10 3 72
3846 12 5 72
2267 6 9 72
4642 1 5 72
2062 1 4 72
258 1 3 72
470 0 3 72
921 19 3 73
4239 7 0 73
2449 15 11 73
2926 8 0 73
581 3 15 73
4184 14 0 73
4009 8 1 73
1443 14 1 73
269 14 4 73
4647 13 1 73
1432 13 2 73
2516 6 13 73
4566 13 17 74
4300 13 18 74
4381 17 14 74
4297 18 1 74
1593 18 2 74
2996 12 18 74
4148 18 3 74
2757 18 5 74
3062 18 4 74
4854 16 9 74
3737 13 14 74
3820 17 4 74
1611 16 10 74
2010 1 2 74
4706 0 2 74
4058 0 1 74
871 18 19 75
4038 18 15 75
3093 18 16 75
747 17 19 75
3410 16 19 75
590 19 10 75
4761 1 12 75
1444 18 10 75
1043 2 12 75
3746 18 9 75
1592 2 13 75
3213 18 8 75
2889 3 13 75
3657 18 7 75
4687 17 7 75
1260 18 6 75
669 10 10 75
462 9 10 75
1289 8 10 75
1859 18 18 76
2741 18 17 76
225 17 17 76
1317 10 19 76
4013 3 19 76
2207 11 19 76
4112 11 18 76
587 8 4 76
2782 11 14 76
2455 9 0 76
1494 8 15 76
816 4 12 76
4334 5 12 76
1597 5 11 76
4049 6 11 76
4888 0 19 77
4913 0 18 77
2452 1 18 77
3343 12 17 77
2958 5 18 77
572 11 17 77
3654 11 16 77
55 15 12 77
1571 10 16 77
2858 9 3 77
1280 15 11 77
4251 10 9 77
4113 15 10 77
1837 10 8 77
969 14 10 77
1106 11 8 77
4858 13 10 77
240 9 14 77
686 13 9 77
3123 12 8 77
285 13 8 77
1018 14 5 77
4510 12 3 77
69 4 0 77
2561 15 19 78
3738 17 18 78
3735 16 19 78
2368 16 18 78
2146 16 17 78
3271 19 1 78
4513 16 16 78
3733 17 1 78
2560 2 17 78
4436 2 19 78
2047 18 1 78
4868 16 15 78
772 2 18 78
2327 16 14 78
1298 15 14 78
563 3 18 78
894 14 14 78
4805 14 13 78
3728 13 13 78
409 12 13 78
1217 16 7 78
4589 5 2 78
26 7 1 79
169 6 1 79
2312 17 12 79
341 19 5 79
3683 6 2 79
3319 18 12 79
422 0 12 79
3111 0 13 79
2737 6 3 79
738 18 5 79
1246 18 11 79
2117 17 10 79
574 0 14 79
809 7 3 79
3830 18 10 79
2469 16 5 79
2571 8 3 79
842 1 14 79
934 18 9 79
2897 15 5 79
4630 18 8 79
3528 8 2 79
690 2 14 79
3844 9 2 79
3822 18 7 79
4138 3 14 79
3325 18 6 79
4439 9 1 79
357 10 1 79
3753 17 6 79
3915 16 6 79
1640 0 5 79
81 0 4 79
85 0 3 79
4230 0 2 79
54 0 1 79
444 4 19 80
970 4 18 80
1114 9 18 80
2745 4 9 80
677 9 5 80
1284 8 5 80
1948 6 6 80
2073 19 0 81
1752 19 1 81
80 19 2 81
754 12 19 81
2785 11 19 81
3204 18 2 81
4795 11 18 81
4688 18 3 81
2294 5 17 81
1117 18 4 81
3485 17 5 81
4464 11 17 81
317 17 4 81
4185 10 17 81
1586 4 17 81
1753 16 4 81
2969 9 17 81
3337 4 16 81
4213 15 4 81
1717 4 15 81
1275 15 3 81
1077 14 2 81
3376 1 10 81
4496 4 7 81
1625 4 6 81
1438 5 4 81
386 3 2 81
4475 3 0 81
2959 13 12 82
4345 14 12 82
4394 3 11 82
443 12 1 82
3771 3 10 82
887 4 10 82
4624 5 10 82
3616 14 7 82
4085 5 11 82
4194 0 11 82
2669 0 10 82
4739 0 9 82
1027 0 8 82
2091 1 8 82
3588 8 7 82
3945 5 0 82
1991 5 1 82
2184 19 13 83
588 19 14 83
2090 18 14 83
4415 16 12 83
3541 15 12 83
1970 15 11 83
3233 9 15 83
860 15 10 83
2085 9 16 83
2408 8 16 83
2619 5 15 83
3978 5 13 83
449 14 10 83
500 13 10 83
3550 6 15 83
3070 9 9 83
4125 9 8 83
3811 9 7 83
3765 3 9 83
3732 0 6 83
4633 8 8 83
2932 1 6 83
1118 1 7 83
4127 2 4 83
4819 2 3 83
2360 2 2 83
4662 14 19 84
3688 15 19 84
1843 16 19 84
221 16 18 84
3769 16 17 84
3473 16 16 84
3932 17 9 84
4363 18 9 84
1259 12 14 84
3489 10 11 84
4101 10 12 84
2905 8 14 84
1732 8 12 84
1467 6 12 84
3794 6 7 84
231 5 6 84
4168 2 5 84
1198 3 4 84
643 5 19 85
27 14 15 85
2797 4 19 85
1362 9 4 85
3776 10 4 85
1410 1 9 85
2677 3 7 85
3903 5 3 85
592 19 16 86
2583 18 16 86
4296 18 15 86
710 6 0 86
2343 17 15 86
403 1 19 86
1728 6 1 86
2323 2 19 86
4578 6 2 86
4572 2 18 86
3558 6 3 86
3242 3 18 86
4228 7 4 86
4277 7 3 86
2846 16 0 86
435 1 13 86
4465 4 18 86
464 1 14 86
397 8 3 86
679 13 0 86
2315 16 1 86
3557 12 12 86
3441 13 1 86
508 7 19 86
1031 5 9 86
4806 15 7 86
3000 5 10 86
1795 5 11 86
3897 19 11 87
2309 6 17 87
283 17 2 87
279 1 16 87
107 18 11 87
2268 5 17 87
2181 1 15 87
4747 18 10 87
327 17 3 87
1612 4 17 87
3197 2 15 87
4274 7 2 87
3990 8 2 87
2320 4 16 87
755 2 14 87
3559 9 2 87
4353 19 6 87
1152 3 14 87
1895 9 1 87
1231 12 0 87
378 15 9 87
4293 14 9 87
822 11 0 87
3702 9 11 87
86 8 11 87
4493 11 7 87
743 8 9 87
1030 10 5 87
1301 10 18 88
1983 11 15 88
910 10 17 88
4664 9 17 88
2474 8 17 88
2023 10 0 88
303 10 1 88
1973 11 1 88
3348 5 7 88
3745 6 10 88
4017 5 8 88
4851 4 8 88
2514 0 7 88
4689 3 8 88
4257 1 7 88
964 1 5 88
4893 1 4 88
1760 1 3 88
1774 2 3 88
3958 3 3 88
4867 19 9 89
1002 18 9 89
1662 8 19 89
388 7 19 89
248 7 18 89
4090 11 10 89
4354 11 9 89
4351 7 17 89
2979 13 11 89
4281 7 16 89
162 13 10 89
3379 6 9 89
1352 14 17 90
1565 15 17 90
4330 16 17 90
717 15 16 90
1570 16 16 90
2773 19 4 90
2671 18 4 90
2896 12 16 90
4146 12 11 90
2536 19 8 90
1598 17 4 90
1409 18 8 90
1287 16 4 90
3384 11 11 90
3119 11 12 90
3464 12 10 90
187 10 14 90
363 12 9 90
1415 6 13 90
4616 13 5 90
4821 6 8 90
4456 13 2 91
1877 8 15 91
637 13 3 91
4914 4 12 91
1521 5 12 91
3667 12 5 91
3322 16 2 92
1888 8 4 92
773 8 3 92
1629 9 0 92
2713 16 3 92
2229 11 14 92
4134 10 0 92
2602 15 3 92
3656 10 1 92
2027 9 12 92
792 11 2 92
1164 10 10 92
1520 9 10 92
568 8 10 92
429 4 0 92
2428 1 2 92
100 1 1 92
3805 19 15 93
4338 18 15 93
3852 17 15 93
286 3 19 93
4195 3 18 93
3353 3 17 93
4044 14 13 93
4132 16 11 93
2904 12 15 93
3578 19 7 93
362 12 14 93
3792 17 8 93
239 18 7 93
585 16 5 93
183 16 8 93
826 15 5 93
2021 18 6 93
1862 17 7 93
2500 17 6 93
764 12 7 93
4733 1 11 93
2334 10 7 93
117 2 11 93
704 2 10 93
3451 5 0 93
1215 5 1 93
1319 3 2 93
2217 0 5 93
2008 0 4 93
1764 3 0 93
3750 0 3 93
4519 0 2 93
589 0 1 93
3525 13 19 94
4762 14 19 94
2373 17 13 94
3011 14 18 94
2205 16 13 94
3201 14 17 94
3577 18 0 94
1063 14 16 94
3695 13 16 94
3950 13 15 94
259 14 0 94
1484 14 11 94
1772 16 9 94
265 15 2 94
2919 13 11 94
2380 13 10 94
3299 13 9 94
2942 14 5 94
3432 8 8 94
1846 8 7 94
2597 3 5 94
936 5 4 94
4759 2 4 94
2569 0 13 95
2086 6 19 95
2386 0 14 95
1127 6 18 95
2036 6 17 95
5 1 14 95
