750600
1971
5040 0 15 1
1230 0 7 1
409 1 7 1
4651 3 15 1
3586 0 16 1
4692 0 8 1
820 1 15 1
2912 0 9 1
4205 0 17 1
2455 0 19 1
5332 2 7 1
5190 2 15 1
2782 3 16 1
277 1 16 1
3288 1 8 1
2655 1 9 1
3246 2 16 1
1568 2 8 1
3672 0 18 1
4084 0 14 1
3104 0 10 1
3445 4 14 1
2804 1 17 1
1545 3 7 1
944 1 19 1
4052 2 9 1
2969 1 14 1
2236 1 10 1
3483 1 18 1
1721 2 17 1
1031 3 8 1
367 3 14 1
3904 13 0 1
1601 0 13 1
548 0 11 1
2394 4 13 1
1562 4 7 1
3833 2 19 1
3718 9 7 1
3769 1 11 1
3611 2 10 1
3876 3 9 1
312 2 14 1
4585 2 18 1
4803 7 7 1
81 3 13 1
4846 0 0 1
3916 12 0 1
4193 1 13 1
3758 14 4 1
2453 3 19 1
5158 4 8 1
2284 13 1 1
1874 5 7 1
678 0 12 1
4782 4 9 1
4049 6 7 1
2450 6 19 1
5159 4 19 1
2999 5 8 1
441 3 18 1
100 3 10 1
3969 9 8 1
990 1 12 1
2230 0 1 1
168 14 3 1
946 13 4 1
1976 1 0 1
3944 13 2 1
2635 12 1 1
766 7 8 1
2248 11 0 1
2618 2 13 1
2161 8 7 1
2012 3 0 1
5024 2 11 1
3730 11 1 1
878 5 9 1
3302 8 8 1
301 12 2 1
2411 12 4 1
2332 5 19 1
4219 10 0 1
816 4 18 1
5067 13 3 1
242 6 8 1
1924 4 10 1
4243 13 19 1
2871 6 18 1
3545 9 9 1
1227 3 11 1
2681 2 0 1
2588 2 12 1
5016 0 2 1
1210 3 1 1
1591 3 17 1
3459 1 1 1
2427 5 14 1
3024 11 2 1
3668 2 1 1
1055 5 10 1
586 10 1 1
2808 8 9 1
4360 9 10 1
4484 5 18 1
3700 3 12 1
2767 9 0 1
464 11 4 1
2666 12 3 1
923 1 2 1
1903 13 18 1
3841 6 9 1
3180 4 17 1
1146 0 3 1
3570 3 2 1
1178 14 19 1
1193 4 11 1
1940 7 9 1
1538 7 19 1
5283 8 0 1
106 19 19 1
328 6 14 1
2141 8 10 1
1723 9 1 1
1751 9 11 1
3929 10 2 1
3069 2 2 1
3047 11 3 1
262 1 3 1
4315 0 4 1
4047 14 18 1
4147 15 19 1
2134 5 13 1
5060 6 10 1
3408 4 16 1
1106 5 17 1
2128 4 12 1
3539 4 0 1
2180 5 11 1
1326 10 3 1
3707 1 4 1
1327 2 3 1
3165 0 5 1
2608 5 12 1
930 8 19 1
292 8 1 1
2127 7 18 1
4797 8 11 1
2143 18 19 1
4331 9 2 1
4058 5 0 1
163 4 15 1
104 16 19 1
4361 6 13 1
2698 7 10 1
3086 6 11 1
3410 12 19 1
3525 19 18 1
4267 6 17 1
3186 5 16 1
11 4 1 1
3037 15 18 1
5247 7 0 1
5041 8 18 1
2877 13 17 1
1916 11 19 1
5278 5 15 1
2641 9 19 1
3504 4 2 1
610 6 0 1
1911 2 4 1
666 9 3 1
4034 18 18 1
581 19 17 1
2978 6 12 1
875 12 18 1
3839 3 3 1
1741 7 11 1
736 16 18 1
3538 5 1 1
2684 1 5 1
827 7 17 1
204 7 1 1
792 8 2 1
2973 17 19 1
4153 6 16 1
5263 0 6 1
4301 13 15 1
651 14 17 1
1311 10 19 1
3429 4 3 1
2228 17 18 1
433 9 18 1
3397 14 15 1
677 2 5 1
2392 6 15 1
2714 12 15 1
3641 3 4 1
229 7 2 1
791 12 17 1
2713 7 12 1
4840 5 2 1
942 7 16 1
907 19 16 1
3344 8 3 1
670 13 16 1
2057 6 1 1
5179 1 6 1
2413 11 18 1
3103 8 17 1
1579 9 4 1
5050 18 17 1
2763 5 3 1
235 14 16 1
4903 4 4 1
5122 15 15 1
4828 11 17 1
5102 11 15 1
5181 12 16 1
915 10 18 1
3733 8 12 1
5174 6 2 1
2892 8 16 1
4979 2 6 1
4201 18 16 1
976 19 15 1
4806 8 4 1
3098 9 17 1
4607 7 15 1
1110 17 17 1
3875 7 13 1
4467 7 3 1
4769 3 5 1
2101 15 17 1
2062 7 14 1
3078 3 6 1
4340 7 4 1
449 19 14 1
4511 6 3 1
2850 10 17 1
486 8 13 1
3430 5 4 1
4277 8 15 1
172 11 16 1
4772 9 12 1
2025 18 15 1
642 9 16 1
4926 17 16 1
3067 4 5 1
3371 16 17 1
2687 15 16 1
4288 19 11 1
4440 19 13 1
1251 18 14 1
4318 17 15 1
1483 16 16 1
1364 4 6 1
5221 5 5 1
1341 9 15 1
2056 10 16 1
5316 6 4 1
1463 8 14 1
4734 9 13 1
2940 5 6 1
652 16 15 1
4843 17 14 1
3373 18 11 1
5021 18 13 1
4725 9 14 1
300 10 15 1
839 19 12 1
4514 6 5 1
704 16 14 1
4151 7 5 1
2255 17 11 1
1470 17 13 1
1960 6 6 1
1304 18 12 1
2928 10 14 1
417 11 14 1
1580 16 11 1
2843 10 13 1
3073 15 14 1
5292 16 13 1
3633 7 6 1
4143 17 12 1
3902 8 5 1
2803 11 13 1
3119 16 12 1
2916 14 14 1
1135 10 12 1
4459 10 8 1
1079 15 13 1
3777 10 4 1
1808 9 5 1
5056 8 6 1
1319 12 14 1
2330 15 12 1
1543 12 13 1
4779 10 11 1
3017 10 7 1
2024 10 5 1
2745 9 6 1
1643 14 13 1
1541 11 12 1
1168 13 14 1
2759 11 8 1
1151 12 12 1
3629 10 10 1
3433 14 12 1
2585 11 11 1
5036 10 6 1
1444 13 13 1
460 11 7 1
1317 11 5 1
1567 12 8 1
2226 15 11 1
863 11 6 1
4956 14 11 1
3348 12 11 1
3255 11 10 1
1990 10 9 1
2137 12 7 1
2778 12 5 1
2599 13 12 1
2648 12 6 1
180 13 5 1
390 13 11 1
4417 11 9 1
3946 12 10 1
965 12 9 1
5259 13 6 1
2036 13 8 1
4123 13 10 1
2034 14 5 1
3788 14 6 1
1731 14 10 1
1429 15 5 1
2966 13 9 1
987 13 7 1
1979 14 7 1
1682 15 6 1
2557 14 9 1
1963 15 10 1
4740 19 10 1
1576 14 8 1
3862 16 10 1
2831 18 10 1
4933 19 9 1
2559 15 9 1
1655 15 7 1
1673 18 9 1
752 17 10 1
1362 19 4 1
4624 16 9 1
3698 19 8 1
2095 15 8 1
2277 19 7 1
4258 16 8 1
4053 19 5 1
5109 17 9 1
3991 18 8 1
1014 18 4 1
1824 19 6 1
3275 18 7 1
5014 18 5 1
3739 17 8 1
96 16 7 1
3601 18 6 1
3202 17 7 1
1053 14 0 1
4469 16 6 1
638 15 4 1
2216 17 6 1
3786 14 1 1
2990 15 0 1
909 16 5 1
2690 16 0 1
2257 15 1 1
4239 17 5 1
5092 15 3 1
989 14 2 1
4408 16 4 1
2119 16 1 1
4567 17 4 1
5230 15 2 1
1060 16 3 1
817 16 2 1
1527 17 3 1
2093 17 2 1
3281 18 3 1
4798 19 3 1
1266 18 2 1
3276 17 1 1
4654 19 2 1
311 18 1 1
338 17 0 1
347 18 0 1
1771 19 1 1
4103 19 0 1
3072 19 1 3
2329 17 0 4
2233 19 3 5
1366 18 3 5
1367 19 2 5
2265 17 1 5
3163 14 2 6
631 15 3 6
2144 17 5 6
3353 15 2 6
4951 16 3 6
3154 18 6 7
5226 17 6 7
1088 14 0 7
4666 14 1 7
1422 15 4 7
2306 15 0 7
2268 16 0 7
32 15 1 7
4839 16 1 7
5307 16 2 7
90 18 4 8
1985 18 5 8
1126 19 4 8
2445 19 5 8
4481 15 8 8
3377 18 9 8
5218 16 9 8
1873 19 6 8
2717 18 8 8
3291 16 8 8
445 15 5 9
2770 13 8 9
5132 14 5 9
395 15 6 9
740 14 6 9
1348 15 7 9
851 13 9 9
440 15 9 9
1213 18 10 9
3550 19 10 9
88 19 9 9
5177 19 8 9
592 19 7 9
3738 18 7 9
4950 11 5 10
879 11 7 10
794 12 8 10
4880 12 5 10
1021 12 7 10
2183 13 5 10
3061 10 9 10
4850 11 9 10
4229 15 11 10
231 14 11 10
2879 12 11 10
1982 12 9 10
3278 8 5 11
3659 11 8 11
1420 9 5 11
5300 10 4 11
5236 10 8 11
1642 10 5 11
4842 10 7 11
4023 16 13 11
5205 16 11 11
2213 11 14 11
5252 11 13 11
1447 14 14 11
3258 12 14 11
1025 13 14 11
2777 14 13 11
4892 12 13 11
696 10 11 11
3725 13 13 11
855 10 10 11
448 11 11 11
3384 11 10 11
1154 12 10 11
332 5 5 12
1760 7 5 12
1039 17 13 12
543 17 15 12
2768 8 14 12
3781 18 13 12
902 18 11 12
2809 17 11 12
4912 3 5 13
295 7 3 13
4807 5 4 13
5153 7 14 13
2528 7 13 13
4523 15 17 13
1776 19 14 13
4412 17 16 13
2942 9 16 13
1331 9 12 13
5048 19 11 13
1161 19 13 13
4471 19 12 13
3852 18 12 13
4507 17 12 13
4963 16 12 13
4891 9 4 14
2418 9 17 14
709 15 15 14
228 12 16 14
283 19 15 14
4545 7 15 14
2524 18 15 14
3740 18 14 14
1684 17 14 14
1981 0 6 15
1915 1 6 15
5274 7 2 15
4717 3 4 15
4173 4 4 15
4199 19 16 15
4704 4 5 15
1744 17 19 15
4226 13 15 15
1996 18 16 15
5049 12 17 15
582 14 15 15
1966 13 16 15
254 12 15 15
4377 10 19 15
2286 11 17 15
1882 11 15 15
5286 11 16 15
3253 7 0 16
646 7 1 16
828 6 0 16
4233 1 5 16
2744 4 2 16
2736 3 3 16
467 4 3 16
2712 6 1 16
1182 6 2 16
3959 19 17 16
4035 9 19 16
4650 11 19 16
639 13 17 16
2192 18 17 16
525 14 17 16
3606 14 16 16
2575 15 16 16
4960 15 1 16
949 9 2 17
927 4 1 17
2704 8 1 17
1801 4 15 17
1170 5 15 17
5143 7 18 17
689 19 18 17
424 12 19 17
4314 16 19 17
5061 6 17 17
1546 6 15 17
3050 6 11 17
54 12 18 17
3462 7 17 17
4175 11 18 17
208 8 17 17
5163 15 4 17
1225 0 5 18
1384 0 4 18
3909 4 0 18
5026 1 4 18
4029 5 0 18
1329 5 1 18
3156 5 2 18
5144 4 12 18
1024 15 19 18
2755 4 16 18
471 5 3 18
1839 5 13 18
4697 6 3 18
1861 14 1 18
339 14 0 18
4448 15 0 18
438 16 0 18
3378 16 1 18
823 0 3 19
3920 3 2 19
2278 1 3 19
3046 8 0 19
3596 14 19 19
960 19 19 19
4024 9 11 19
4342 7 19 19
1124 7 9 19
5331 18 19 19
4681 8 19 19
4636 8 11 19
1788 8 18 19
994 18 18 19
692 9 18 19
4217 10 18 19
3708 10 17 19
2502 10 16 19
1284 10 15 19
2905 18 6 19
4343 16 7 19
3687 17 4 19
515 15 2 19
4819 17 3 19
4496 1 1 20
4767 2 0 20
210 0 2 20
5296 11 4 20
685 11 2 20
1654 9 0 20
1876 1 2 20
4805 2 12 20
3398 9 1 20
1158 3 12 20
2953 8 1 20
3919 3 17 20
3083 9 9 20
1524 8 2 20
4373 9 10 20
3089 5 14 20
3906 4 17 20
1945 6 14 20
1736 6 13 20
1355 16 6 20
2395 13 3 21
4285 12 4 21
3231 10 0 21
3653 5 19 21
649 6 18 21
4724 6 8 21
2689 4 18 21
2129 4 10 21
4712 13 19 21
2701 13 18 21
4012 6 9 21
2040 14 18 21
5172 15 18 21
886 16 18 21
3676 17 18 21
4722 17 17 21
3680 16 17 21
2096 16 16 21
3414 16 15 21
336 16 14 21
5326 15 14 21
1491 15 13 21
1563 15 12 21
4021 14 12 21
4415 3 0 22
3817 3 1 22
1899 8 7 22
705 15 3 22
1857 11 0 23
4136 12 1 23
2531 13 2 23
2054 11 1 23
3723 12 2 23
4158 10 1 23
2772 2 13 23
3237 7 8 23
4110 14 2 23
3512 15 2 23
1313 19 2 23
2399 17 1 23
2863 1 0 24
4546 0 1 24
2896 13 4 24
309 14 3 24
4001 1 1 24
1805 13 3 24
4901 11 11 24
3356 16 8 24
2006 6 7 25
4003 6 8 25
1694 6 19 25
4580 9 8 25
679 4 19 25
1485 3 10 25
3617 6 18 25
4867 8 8 25
2240 4 10 25
3928 8 9 25
2644 8 10 25
3068 10 11 25
3137 10 10 25
803 11 10 25
435 17 10 25
3387 18 8 25
684 18 7 25
472 19 3 25
2931 18 3 25
2567 0 12 26
3980 1 12 26
2035 12 11 26
3764 15 8 26
3720 18 9 26
5118 19 5 26
4372 17 0 26
910 13 1 27
3153 5 7 27
2366 4 8 27
3283 3 19 27
5285 3 18 27
1587 4 9 27
1914 5 8 27
1646 4 18 27
1887 13 5 27
2783 10 9 27
4392 14 13 27
5298 15 11 27
1589 11 9 27
1072 12 9 27
1464 14 11 27
5338 12 10 27
1337 18 10 27
1492 19 10 27
3765 19 9 27
1188 19 8 27
3267 19 7 27
3010 19 1 27
5037 0 0 28
4729 12 0 28
3435 14 4 28
1691 0 1 28
1446 12 1 28
2292 14 3 28
4355 13 3 28
109 1 13 28
602 1 1 28
2509 3 13 28
5257 11 1 28
2893 2 1 28
3632 12 3 28
3243 10 1 28
4480 2 2 28
4754 11 3 28
85 10 2 28
1984 10 3 28
3135 2 3 28
1525 2 4 28
3007 9 3 28
1663 2 5 28
4345 8 3 28
110 2 6 28
1728 8 4 28
4434 3 6 28
2563 7 4 28
4934 4 6 28
1257 6 4 28
3080 5 6 28
1120 12 14 28
4450 12 13 28
2532 11 17 29
953 11 13 29
1596 19 4 29
4238 19 5 29
5189 19 6 29
199 2 14 30
4307 2 13 30
1438 3 9 30
4835 7 7 30
4911 7 8 30
289 12 15 30
507 10 19 30
4830 11 15 30
2695 11 16 30
3405 11 14 30
5280 16 11 30
4885 15 10 30
715 16 10 30
4299 13 16 31
3578 16 13 31
1345 13 9 31
29 2 10 32
2792 9 7 32
1881 9 8 32
1894 8 8 32
988 8 9 32
4768 12 17 32
729 11 17 32
121 19 13 32
358 12 5 32
3117 14 1 32
3481 18 5 32
1906 18 6 32
2454 14 0 32
3741 15 4 32
5097 15 0 32
2308 16 5 32
1342 16 0 32
5196 16 4 32
5044 16 3 32
1722 16 1 32
4939 16 2 32
2622 0 13 33
3866 13 0 33
3008 4 13 33
4940 12 0 33
3101 4 7 33
1462 12 1 33
1279 0 11 33
1995 2 19 33
561 11 1 33
2791 1 11 33
2639 10 1 33
2870 10 2 33
757 5 14 33
2276 4 17 33
805 10 3 33
1844 9 3 33
1759 6 14 33
3584 5 13 33
1378 6 13 33
111 13 15 33
2475 17 19 33
2537 7 17 33
3770 5 3 33
3759 6 3 33
1040 14 15 33
2707 17 18 33
3551 8 17 33
2727 14 16 33
482 15 16 33
2078 12 8 33
3493 12 7 33
4915 15 7 33
5129 16 6 33
2117 3 14 34
2271 3 13 34
3320 19 16 34
1626 18 16 34
1202 12 18 34
1539 11 18 34
3861 19 11 34
1500 19 12 34
539 18 12 34
1052 10 8 34
3413 10 7 34
2691 16 7 34
2113 2 9 35
4660 3 17 35
3843 9 9 35
4841 9 10 35
2678 8 10 35
1846 4 16 35
4014 8 11 35
1835 18 15 35
4866 18 14 35
3425 17 14 35
5313 10 4 35
1005 10 5 35
2571 1 19 36
2142 3 7 36
3181 15 19 36
1886 18 19 36
5294 15 18 36
4010 6 11 36
825 3 4 36
1716 4 4 36
534 4 5 36
3266 18 17 36
1155 4 6 36
4018 5 6 36
3065 13 7 36
3886 0 14 37
2800 4 14 37
5032 1 14 37
1901 3 14 37
4923 1 13 37
82 1 17 37
833 3 13 37
1205 0 10 37
650 2 13 37
1300 2 12 37
4183 4 12 37
884 6 17 37
3609 6 15 37
4570 7 17 37
4228 8 17 37
3952 9 12 37
2700 18 11 37
845 17 11 37
1303 17 12 37
1653 16 12 37
4498 15 12 37
5064 14 12 37
4961 15 6 37
1761 15 1 37
4991 16 1 37
3549 16 2 37
1840 0 18 38
1448 2 8 38
2590 3 8 38
1081 1 18 38
186 4 8 38
4587 3 12 38
4163 4 9 38
3284 5 9 38
4148 5 10 38
932 6 10 38
3040 12 19 38
2497 16 19 38
1372 12 18 38
1797 8 15 38
4398 17 16 38
2517 9 15 38
5156 11 8 38
4590 10 8 38
1612 10 7 38
3375 9 1 39
4210 8 1 39
114 9 11 39
710 7 19 39
3951 8 19 39
3986 8 11 39
457 13 17 39
4306 12 16 39
1023 11 19 39
3793 7 15 39
466 12 17 39
3838 11 18 39
222 14 17 39
3177 19 15 39
5250 11 17 39
3749 15 17 39
3337 19 14 39
2449 18 14 39
4864 17 14 39
4811 18 4 39
4363 18 5 39
4169 18 6 39
2504 1 8 40
3827 1 9 40
5175 1 10 40
4630 2 10 40
2167 2 11 40
4263 3 11 40
2631 4 11 40
3719 19 19 40
5042 19 17 40
4809 5 11 40
348 19 18 40
4870 5 12 40
550 9 19 40
5195 18 18 40
4699 6 12 40
606 15 15 40
3130 15 16 40
605 3 16 41
3845 1 16 41
1458 1 17 41
4159 6 9 41
4962 5 0 41
4138 7 9 41
152 7 13 41
1856 2 15 42
1163 2 16 42
3380 2 17 42
1611 2 18 42
4954 9 0 42
3521 11 2 42
1628 1 2 42
3134 13 19 42
4089 9 1 42
3804 10 2 42
2848 8 1 42
1349 10 3 42
4728 13 18 42
4455 9 3 42
1229 8 2 42
3393 14 18 42
3358 15 18 42
528 6 1 42
3366 8 3 42
3753 7 18 42
2424 8 18 42
3399 16 18 42
2640 8 4 42
2123 18 13 42
3319 7 4 42
5165 9 18 42
4561 17 18 42
3160 9 17 42
1097 10 18 42
4986 18 12 42
1489 17 17 42
914 17 12 42
1009 10 17 42
2002 16 12 42
240 8 14 42
2492 15 12 42
4904 15 13 42
2205 19 3 42
1457 18 3 42
3216 8 7 43
239 8 8 43
317 4 0 43
4132 8 9 43
1232 5 0 43
1394 4 15 43
4739 5 1 43
299 8 10 43
647 5 15 43
3051 5 2 43
4015 15 3 43
3913 16 3 43
2998 2 7 44
4140 2 8 44
3332 3 8 44
1783 4 8 44
3144 0 4 44
3594 5 19 44
3361 1 4 44
2864 7 2 44
4202 6 2 44
4033 8 5 44
4298 18 0 44
3597 0 19 45
1357 0 18 45
4730 0 17 45
4800 3 0 45
1819 3 1 45
2609 2 1 45
4602 2 2 45
1111 2 3 45
2140 2 4 45
3536 3 3 45
5238 2 5 45
3865 2 6 45
4416 3 6 45
4706 17 15 45
984 11 7 45
36 17 10 45
1872 18 8 45
290 4 2 46
2029 4 3 46
2182 5 3 46
1044 6 3 46
51 10 11 46
1472 10 10 46
1827 11 10 46
5275 12 10 46
961 15 7 46
5099 16 6 46
4720 9 4 47
4784 7 14 47
3947 9 13 47
1467 14 5 47
4470 1 15 48
777 1 16 48
3569 0 9 48
3335 1 9 48
1950 1 17 48
3805 1 10 48
3721 2 17 48
765 3 10 48
1371 2 18 48
800 4 10 48
3423 2 10 48
4876 3 18 48
2382 2 11 48
4218 4 9 48
5055 8 0 48
2632 5 9 48
2910 14 19 48
728 8 1 48
1398 6 9 48
1793 8 2 48
1837 14 18 48
1803 7 9 48
1495 15 18 48
1953 7 10 48
2685 8 4 48
4941 17 19 48
4503 16 18 48
2742 13 15 48
3029 7 11 48
4336 17 18 48
3572 5 4 48
2033 14 15 48
4510 14 16 48
1964 17 17 48
1000 15 16 48
4073 16 17 48
5046 16 16 48
5242 16 15 48
2718 12 8 48
3194 12 7 48
3776 16 10 48
4297 0 5 49
399 11 4 49
3763 4 19 49
3359 11 3 49
939 0 4 49
4017 4 18 49
3093 1 4 49
3840 6 13 49
373 13 8 49
2291 13 7 49
376 15 10 49
2943 6 19 50
3941 6 18 50
3745 6 14 50
3925 5 14 50
700 4 1 50
2259 5 18 50
2868 5 13 50
4898 4 2 50
5305 4 3 50
2403 5 3 50
2516 7 4 50
1130 11 14 50
3842 15 1 50
4380 1 6 51
1328 15 6 51
4026 18 10 51
3322 19 10 51
4763 19 9 51
1833 19 8 51
1792 19 7 51
3394 18 7 51
1983 18 2 51
2827 18 11 52
2919 17 11 52
2654 16 11 52
881 14 14 52
1276 16 12 52
864 13 14 52
2824 13 13 52
824 18 4 52
1534 18 5 52
2051 0 8 53
1724 0 9 53
1644 1 9 53
1920 0 11 53
1195 1 10 53
5125 2 19 53
2642 10 0 53
2358 1 11 53
3610 0 2 53
3026 2 18 53
2598 1 2 53
3164 1 3 53
1999 2 3 53
4586 6 0 53
712 1 5 53
1036 2 4 53
1043 6 1 53
3706 2 5 53
512 7 17 53
3724 2 6 53
2753 6 2 53
4249 3 6 53
1401 9 12 53
4214 18 17 53
4778 8 17 53
3369 11 15 53
4691 11 16 53
5187 10 5 53
774 12 14 53
2086 12 13 53
3132 11 9 53
4051 15 11 53
3499 14 11 53
4206 12 9 53
4227 16 5 53
2874 19 2 53
4976 4 7 54
1042 4 8 54
629 4 9 54
4445 5 9 54
1607 3 4 54
5 4 4 54
3671 4 5 54
4847 11 5 54
2510 17 9 54
1942 15 0 54
2549 19 3 54
1421 16 0 54
363 16 1 54
1943 18 3 54
929 11 4 55
4502 9 2 55
3696 5 12 55
5270 6 12 55
2446 11 17 55
2121 18 15 55
3053 14 13 55
1735 15 5 55
3619 11 11 55
4259 15 6 55
3524 15 4 55
4347 16 4 55
1395 12 0 56
1880 12 1 56
422 13 4 56
2769 12 2 56
184 11 1 56
596 12 4 56
1248 10 1 56
1456 10 2 56
1758 18 19 56
2663 17 19 56
2625 14 17 56
5246 17 18 56
298 19 15 56
5220 19 14 56
3669 18 14 56
1781 17 14 56
2199 18 9 56
3032 19 9 56
5010 19 8 56
1466 19 7 56
249 16 7 56
3002 14 0 56
1921 14 1 56
167 14 2 56
4057 15 2 56
2711 16 2 56
4359 17 0 56
3977 0 16 57
5074 4 13 57
2825 1 16 57
4489 1 17 57
2241 3 13 57
4786 2 13 57
1379 2 12 57
286 3 2 57
3613 6 7 57
2814 6 8 57
5266 6 9 57
2643 7 9 57
4856 4 16 57
4674 11 18 57
1219 19 11 57
4203 10 9 57
5013 11 9 57
345 11 10 57
4046 12 10 57
4186 1 7 58
3295 3 15 58
1674 1 8 58
2645 2 15 58
1288 1 9 58
2617 2 16 58
1389 1 10 58
1339 13 2 58
2692 2 17 58
138 1 11 58
2139 2 0 58
4105 2 18 58
2499 3 18 58
84 2 11 58
1634 3 11 58
3976 4 18 58
3028 4 12 58
2195 6 17 58
3773 6 15 58
4444 7 17 58
44 12 17 58
2619 8 17 58
3853 11 17 58
174 12 5 58
3681 19 5 58
873 19 6 58
2674 18 6 58
4613 14 3 59
276 13 3 59
2844 0 3 59
4529 12 3 59
5191 11 3 59
2592 1 3 59
3328 9 9 59
1690 9 10 59
2784 8 10 59
1440 7 15 59
4970 18 11 59
1571 17 11 59
191 16 11 59
552 13 9 59
1207 0 1 60
2018 1 1 60
3808 2 1 60
1382 2 2 60
3021 2 3 60
2381 2 4 60
4508 15 19 60
4125 15 18 60
2974 2 5 60
366 11 19 60
4773 16 18 60
790 2 6 60
3997 3 5 60
4678 10 19 60
151 14 17 60
5033 3 6 60
214 17 18 60
294 4 6 60
1513 5 5 60
3683 15 17 60
4043 17 17 60
4008 5 6 60
3085 19 13 60
2298 19 12 60
744 11 8 60
1129 10 8 60
1775 10 7 60
4865 13 5 60
4418 3 19 61
2239 3 18 61
1891 4 18 61
140 4 17 61
1281 5 17 61
3109 7 0 61
3290 5 16 61
4431 6 16 61
5114 7 1 61
580 6 1 61
386 12 15 61
2884 7 16 61
3063 11 15 61
3111 9 17 61
1047 17 16 61
3329 9 15 61
4013 18 13 61
2909 18 12 61
919 17 12 61
2847 16 12 61
4223 15 9 61
28 16 9 61
3417 18 8 61
3392 5 7 62
1469 5 8 62
4465 6 8 62
4216 8 15 62
1853 12 16 62
2348 11 16 62
2376 19 4 62
4004 19 5 62
3686 19 6 62
3972 18 6 62
4245 0 10 63
4521 1 10 63
4994 1 11 63
3626 13 1 63
3488 11 0 63
676 12 1 63
4404 2 11 63
3444 11 1 63
760 10 1 63
5248 10 2 63
1864 19 16 63
3140 19 17 63
1186 13 17 63
3045 14 17 63
5232 18 17 63
149 15 17 63
3170 11 13 63
935 18 0 63
1498 9 8 64
4055 9 9 64
4109 13 18 64
2757 14 18 64
5311 15 18 64
3254 16 19 64
4161 7 18 64
251 8 18 64
4177 16 18 64
1912 17 18 64
2779 9 18 64
256 17 17 64
1089 16 17 64
2378 11 7 64
4174 12 11 64
2324 1 13 65
4859 3 7 65
3049 2 13 65
1511 4 7 65
326 14 4 65
1729 4 8 65
853 14 3 65
2365 4 9 65
1566 3 17 65
1164 5 9 65
1892 13 3 65
247 5 19 65
725 6 9 65
5229 5 18 65
588 4 17 65
5001 12 3 65
465 7 9 65
3880 5 17 65
3705 11 3 65
2797 12 19 65
558 10 3 65
1504 5 1 65
3589 12 18 65
364 11 18 65
3495 7 2 65
2469 10 18 65
3197 7 4 65
1850 10 17 65
1160 17 15 65
1301 11 14 65
4677 8 5 65
1258 16 10 65
2242 17 10 65
2802 17 9 65
4685 15 1 65
2421 15 2 65
1408 15 3 65
913 16 3 65
4271 0 7 66
1493 1 7 66
4242 1 8 66
1777 1 9 66
5149 1 10 66
4525 1 11 66
1755 4 15 66
4667 5 15 66
2506 14 15 66
3092 16 13 66
2138 12 8 66
904 12 7 66
4281 9 1 67
890 9 2 67
4966 9 3 67
4609 0 6 67
46 8 3 67
5120 1 6 67
767 7 3 67
2894 2 6 67
57 3 6 67
2653 4 6 67
4356 5 6 67
1191 12 9 67
4766 14 10 67
5204 16 5 67
2696 19 2 67
2217 3 14 68
450 3 13 68
1822 2 13 68
925 7 8 68
4172 7 13 68
4141 6 2 68
2823 5 4 68
489 15 11 68
4661 14 11 68
3885 3 16 69
1838 2 16 69
437 1 19 69
4497 2 17 69
2323 2 19 69
1223 2 18 69
416 3 18 69
572 13 19 69
2345 3 17 69
3533 4 17 69
2048 13 18 69
3812 14 18 69
4230 5 17 69
2786 5 0 69
4134 5 16 69
3209 15 18 69
2616 16 18 69
4200 5 1 69
2401 5 2 69
5020 16 6 69
493 1 14 70
2130 1 13 70
4061 7 7 70
3605 7 8 70
4166 9 8 70
4102 8 8 70
1239 9 9 70
852 8 9 70
4635 9 10 70
3529 8 10 70
2628 7 10 70
485 13 15 70
4664 3 3 70
5234 4 2 70
1501 13 16 70
1548 4 3 70
5217 14 16 70
2633 12 14 70
1460 12 13 70
959 17 0 70
1802 2 9 71
971 1 9 71
3884 1 10 71
3851 1 11 71
4289 8 4 71
4145 9 12 71
2219 10 5 71
1091 14 5 71
4723 15 10 71
4127 14 10 71
4090 15 7 71
3206 6 13 72
622 6 0 72
1434 6 1 72
721 6 2 72
2927 15 15 72
2627 15 16 72
1419 9 13 72
3813 13 8 72
4488 14 6 72
4115 18 5 72
924 14 0 72
3858 14 1 72
4644 14 2 72
4781 15 2 72
5265 16 2 72
3110 4 14 73
964 3 14 73
3523 3 13 73
4758 3 8 73
4240 13 0 73
4479 3 0 73
1836 4 8 73
4824 13 1 73
2589 3 1 73
667 4 9 73
2118 12 1 73
2462 5 9 73
2934 6 9 73
1113 9 0 73
2153 9 1 73
3910 8 11 73
3600 8 1 73
1939 10 10 73
4082 19 8 73
1386 19 7 73
113 16 7 73
4296 19 6 73
285 0 14 74
1002 1 14 74
4662 1 13 74
5262 2 13 74
3542 2 12 74
5192 14 19 74
1426 14 18 74
985 4 0 74
802 4 1 74
306 15 18 74
661 16 18 74
1137 9 19 74
1813 4 2 74
56 9 18 74
590 4 3 74
1428 10 18 74
4524 5 3 74
2072 12 5 74
3193 13 5 74
4577 18 2 74
4423 0 0 75
2612 0 1 75
2836 0 11 75
4191 0 2 75
4453 10 0 75
1704 6 14 75
394 1 11 75
2120 10 1 75
776 5 14 75
1848 1 2 75
1008 11 1 75
2854 5 13 75
1825 11 2 75
3664 5 12 75
1373 11 3 75
1749 10 3 75
937 19 18 75
1057 18 18 75
2211 9 3 75
1034 17 18 75
2434 17 17 75
45 16 17 75
3102 16 16 75
4056 16 15 75
282 11 11 75
2731 15 5 75
2173 15 6 75
3244 14 6 75
375 15 4 75
1784 16 4 75
1855 0 9 76
3620 1 9 76
4985 1 10 76
1189 2 10 76
4237 2 11 76
3474 6 18 76
3191 3 11 76
1750 4 11 76
5208 8 0 76
4365 8 1 76
1648 6 15 76
4980 8 2 76
5017 12 17 76
2820 11 17 76
2967 18 15 76
4500 14 13 76
3924 19 10 76
79 15 9 76
4351 19 9 76
806 16 9 76
1496 18 9 76
443 18 8 76
1622 18 4 76
1259 18 5 76
1090 18 7 76
203 18 6 76
1636 18 3 76
64 0 15 77
3052 0 16 77
2679 0 17 77
614 1 17 77
4087 2 8 77
523 1 0 77
1799 3 8 77
3012 2 17 77
4099 4 8 77
2544 2 18 77
246 1 1 77
356 2 1 77
270 4 9 77
5231 2 2 77
5139 5 9 77
4272 2 3 77
3003 5 10 77
1556 2 4 77
1508 6 12 77
5011 7 14 77
1177 9 15 77
1201 18 13 77
4958 15 1 77
763 15 3 77
3503 16 3 77
1138 0 4 78
4573 6 17 78
3882 9 4 78
58 7 17 78
2318 9 3 78
2983 8 17 78
3345 11 8 78
2980 9 5 78
758 10 8 78
4812 10 7 78
1494 16 10 78
4999 17 10 78
2872 17 9 78
1883 4 19 79
77 5 19 79
352 5 18 79
324 8 19 79
2597 9 19 79
5123 9 18 79
371 19 15 79
2976 19 14 79
1361 7 4 79
2079 19 13 79
3665 5 5 79
3038 18 14 79
4665 11 14 79
250 8 5 79
3236 10 9 79
1608 11 9 79
4555 11 10 79
397 12 10 79
1256 1 18 80
1852 4 12 80
5297 5 17 80
490 12 19 80
3710 12 18 80
3990 12 15 80
334 11 18 80
2477 9 17 80
2672 11 15 80
3996 11 16 80
778 19 11 80
1402 19 12 80
1717 18 12 80
4486 17 12 80
616 15 0 80
2303 19 3 80
1900 16 0 80
1285 18 3 80
5279 16 1 80
3000 16 2 80
2596 18 0 80
4391 9 7 81
2580 2 0 81
3005 8 7 81
1477 2 1 81
3458 8 8 81
1015 8 9 81
2174 8 10 81
3147 8 11 81
3530 18 11 81
2412 17 11 81
1214 16 11 81
4286 10 12 81
2295 16 12 81
118 11 5 81
4937 13 13 81
3428 0 13 82
3018 0 12 82
2126 1 12 82
5215 3 9 82
3953 2 12 82
1465 6 7 82
4079 4 9 82
4794 3 12 82
5327 6 8 82
612 6 9 82
3508 13 17 82
3044 7 15 82
4875 0 18 83
822 1 18 83
2806 2 18 83
4736 3 18 83
2393 3 2 83
221 3 17 83
3115 2 2 83
3784 2 3 83
3598 4 17 83
4917 2 4 83
4731 4 16 83
2546 19 19 83
2536 19 16 83
4603 1 4 83
5213 18 19 83
3293 17 19 83
2188 19 17 83
3449 18 17 83
2210 17 18 83
3577 3 5 83
5289 4 5 83
4640 6 19 84
1224 5 19 84
3527 5 18 84
2593 11 4 84
2304 5 17 84
2882 7 19 84
2251 0 5 84
838 5 16 84
3372 8 19 84
10 9 19 84
4689 10 19 84
2339 10 18 84
310 10 17 84
2724 2 7 85
3517 2 8 85
1418 3 8 85
2845 3 9 85
4789 3 10 85
4493 4 10 85
4506 5 10 85
1277 6 10 85
5224 7 0 85
3151 7 1 85
1194 7 2 85
3331 13 14 85
15 13 13 85
1085 15 7 85
813 17 0 85
2935 2 14 86
1169 2 13 86
3583 2 12 86
4908 13 2 86
2551 3 12 86
3260 13 3 86
2 3 11 86
4042 4 11 86
4294 5 11 86
4534 10 2 86
4308 17 13 86
2074 14 14 86
5339 12 14 86
917 11 12 86
843 15 5 86
533 15 6 86
4050 13 7 86
291 13 9 86
2234 19 4 86
5039 19 5 86
4532 15 4 86
3873 16 4 86
4988 12 4 87
4648 1 3 87
2923 12 3 87
4324 2 3 87
1423 13 16 87
1640 17 16 87
5111 17 15 87
1315 17 14 87
2834 12 8 87
4414 11 11 87
137 12 7 87
4944 13 5 87
952 19 6 87
1785 16 7 87
1927 16 6 87
2290 17 1 87
2202 1 16 88
218 1 17 88
4447 5 1 88
4702 4 2 88
258 12 16 88
225 11 16 88
520 16 13 88
504 12 5 88
3962 19 8 88
714 19 7 88
382 18 7 88
3513 4 18 89
1312 19 18 89
253 11 19 89
996 18 18 89
4362 3 3 89
37 4 3 89
4111 10 5 89
293 12 11 89
1451 14 5 89
5309 15 10 89
1330 18 4 89
165 18 5 89
1100 18 6 89
4581 3 19 90
3087 1 2 90
2342 7 9 90
4437 6 9 90
1439 6 10 90
1122 13 15 90
124 14 15 90
3189 14 16 90
2214 14 17 90
538 9 12 90
2658 15 17 90
1468 15 11 90
716 11 7 90
1058 14 11 90
4282 16 9 90
3726 14 0 90
2474 14 1 90
2208 14 2 90
314 16 3 90
849 3 15 91
2227 0 19 91
2972 2 15 91
4069 4 13 91
3848 0 18 91
1172 3 13 91
4615 2 16 91
2102 1 18 91
1730 2 17 91
5161 2 18 91
4180 3 18 91
4113 10 1 91
1592 3 17 91
4533 9 0 91
1171 4 15 91
1104 8 18 91
3923 5 15 91
267 9 1 91
4714 8 19 91
1871 8 1 91
1086 1 4 91
1365 5 0 91
1405 1 5 91
751 8 2 91
3453 9 19 91
4135 10 19 91
4974 1 6 91
2280 8 15 91
1370 15 15 91
2066 10 18 91
3264 15 16 91
3824 18 13 91
4424 10 17 91
1075 18 12 91
1830 9 13 91
41 13 8 91
535 14 6 91
1575 15 9 91
5271 15 1 91
123 15 3 91
1726 15 2 91
4264 6 14 92
1600 5 14 92
4276 14 3 92
4197 3 12 92
2369 5 13 92
1238 13 19 92
5315 13 18 92
4721 5 12 92
5219 4 0 92
4924 4 1 92
5150 5 1 92
1101 5 2 92
658 3 4 92
3907 5 3 92
185 4 4 92
2136 4 5 92
3829 7 14 92
3113 10 16 92
5009 10 15 92
645 10 11 92
5207 10 10 92
451 19 10 92
3062 16 10 92
2171 19 9 92
3823 17 10 92
5198 17 9 92
25 1 8 93
1530 1 9 93
4124 1 13 93
4468 1 10 93
4262 1 11 93
1559 3 0 93
798 3 1 93
4474 12 2 93
1739 3 2 93
5188 14 19 93
1293 14 18 93
3027 6 12 93
3271 18 10 93
2780 18 9 93
3174 18 8 93
1076 18 0 93
5255 10 0 94
3869 14 4 94
741 5 8 94
1602 10 1 94
4953 13 4 94
2911 6 8 94
4765 13 3 94
5047 6 9 94
5031 12 3 94
1670 6 0 94
891 6 1 94
1547 6 2 94
4290 10 4 94
1356 10 5 94
3798 14 13 94
706 18 1 94
4274 4 7 95
747 3 14 95
1131 4 8 95
1582 3 13 95
4893 13 0 95
1532 13 1 95
3364 0 3 95
1606 12 1 95
3161 0 2 95
3107 5 9 95
2959 1 2 95
2019 15 19 95
4747 8 5 95
943 11 8 95
727 9 5 95
587 10 8 95
1026 10 7 95
4878 10 9 95
2636 16 5 95
4054 18 3 95
2858 7 7 96
3239 1 19 96
