771000
2065
980 19 19 1
1889 12 4 1
198 12 0 1
1398 19 18 1
1308 18 19 1
597 13 4 1
2736 13 0 1
2787 12 3 1
1328 12 1 1
1371 14 0 1
1084 18 18 1
3021 14 4 1
1054 13 3 1
2042 13 1 1
1035 17 19 1
2436 12 2 1
2251 19 17 1
4422 14 3 1
4837 10 19 1
3815 17 18 1
4311 19 0 1
2440 14 1 1
5053 15 0 1
5073 19 16 1
3009 16 19 1
2471 13 2 1
540 15 4 1
883 18 17 1
5072 19 1 1
4758 19 15 1
2421 16 18 1
1918 15 1 1
4150 15 3 1
1340 18 16 1
4451 15 19 1
4330 14 2 1
926 18 0 1
824 16 0 1
3465 10 18 1
4334 17 17 1
5067 11 19 1
1209 18 15 1
3584 14 19 1
3889 17 0 1
4003 16 17 1
1019 15 2 1
944 15 18 1
2433 18 1 1
3212 16 1 1
986 17 16 1
1966 19 2 1
2155 11 18 1
1379 19 14 1
2602 12 19 1
2023 10 17 1
4294 10 16 1
4396 18 14 1
4522 18 2 1
4454 16 2 1
3059 16 16 1
4660 15 17 1
4662 19 13 1
1669 19 3 1
1381 12 18 1
3827 17 1 1
4506 14 18 1
2792 11 17 1
2292 13 19 1
1309 17 15 1
163 0 19 1
1828 16 15 1
686 16 3 1
196 17 14 1
1643 19 4 1
2682 10 15 1
3781 11 16 1
25 19 12 1
372 18 3 1
1237 15 16 1
2717 12 17 1
630 13 18 1
5081 14 17 1
4163 17 2 1
4566 18 13 1
316 10 10 1
2267 17 3 1
902 16 14 1
680 16 4 1
1700 10 14 1
4830 12 16 1
3238 15 15 1
515 15 5 1
4271 13 17 1
4637 14 16 1
430 11 15 1
3452 19 5 1
3596 18 4 1
445 18 12 1
13 17 13 1
2984 0 18 1
4475 19 11 1
4949 1 19 1
606 1 18 1
4133 10 13 1
462 19 10 1
1782 13 16 1
1011 10 11 1
746 0 17 1
2891 14 15 1
791 19 6 1
3047 2 19 1
463 12 15 1
2771 15 6 1
2196 15 14 1
3579 18 5 1
2480 18 11 1
2114 11 10 1
691 16 5 1
408 11 14 1
1224 16 13 1
3224 17 4 1
4162 17 12 1
2348 15 7 1
4 14 14 1
3958 16 12 1
4323 18 10 1
1585 3 19 1
4430 2 18 1
2466 0 16 1
4259 17 11 1
1121 19 9 1
5240 19 7 1
1377 17 5 1
5076 10 12 1
3679 1 17 1
3254 13 15 1
1223 12 10 1
1864 12 14 1
4277 9 19 1
4628 11 11 1
2543 11 13 1
449 15 13 1
3094 16 6 1
3259 18 6 1
4137 0 15 1
721 17 6 1
994 0 9 1
495 19 8 1
5160 8 19 1
1129 17 10 1
4734 3 18 1
3786 11 12 1
1404 13 14 1
4056 14 13 1
2698 4 19 1
3749 1 16 1
3949 9 18 1
3485 2 17 1
1921 18 7 1
1436 16 7 1
4450 16 11 1
3857 12 11 1
3335 15 12 1
2761 18 9 1
757 12 13 1
1023 1 9 1
1363 9 17 1
4706 8 18 1
3400 3 17 1
879 12 12 1
226 13 13 1
419 4 18 1
2884 1 15 1
3405 5 19 1
1354 14 12 1
3682 18 8 1
1076 2 16 1
546 17 7 1
1536 7 19 1
775 16 10 1
3036 0 14 1
598 17 9 1
5113 0 10 1
4444 15 11 1
681 15 10 1
3793 0 13 1
4987 2 15 1
2372 9 16 1
3809 4 17 1
4093 0 11 1
776 1 10 1
3398 6 19 1
2853 1 14 1
3296 7 18 1
4969 13 12 1
1100 5 18 1
3661 14 11 1
3063 16 9 1
2375 17 8 1
3687 8 17 1
4111 3 16 1
3871 2 9 1
698 4 16 1
3916 0 12 1
2519 2 10 1
4499 15 9 1
2116 7 17 1
1968 14 10 1
4611 1 11 1
3475 6 18 1
4157 2 14 1
1940 3 15 1
618 8 16 1
3360 13 11 1
2334 16 8 1
4946 5 17 1
3613 1 13 1
3833 9 15 1
3149 11 0 1
2095 3 14 1
2619 3 10 1
1420 6 17 1
1532 5 16 1
3315 4 15 1
4783 15 8 1
1751 7 16 1
794 14 9 1
3055 2 13 1
4521 2 11 1
790 8 15 1
4081 13 10 1
3500 1 12 1
2703 9 14 1
2217 14 8 1
2010 13 9 1
456 10 0 1
1208 8 14 1
2402 6 16 1
3697 7 15 1
100 3 11 1
404 2 12 1
433 4 10 1
121 11 1 1
3813 5 15 1
3521 3 13 1
1150 9 13 1
2079 4 14 1
2240 10 1 1
2044 4 11 1
87 9 12 1
4659 4 13 1
2087 13 8 1
4178 3 12 1
4014 14 7 1
3948 14 5 1
2483 9 0 1
2030 8 13 1
2499 7 14 1
242 6 15 1
2843 12 9 1
3783 11 2 1
3082 5 14 1
671 8 0 1
988 8 12 1
3401 6 14 1
4749 9 1 1
267 11 9 1
2812 14 6 1
4132 11 3 1
5106 5 13 1
1243 4 12 1
3460 12 8 1
1829 13 7 1
3166 13 5 1
4671 9 11 1
1321 7 13 1
49 10 2 1
4781 5 12 1
4229 8 1 1
4477 7 0 1
1355 7 12 1
3480 6 13 1
2808 9 10 1
50 11 4 1
2561 12 5 1
1796 12 7 1
2076 10 9 1
4051 10 3 1
367 13 6 1
3849 8 11 1
1540 9 2 1
999 11 8 1
2802 9 9 1
2653 8 10 1
4598 12 6 1
460 9 3 1
4153 6 12 1
2067 7 11 1
4326 10 8 1
1097 7 1 1
3281 10 4 1
1819 8 2 1
4744 11 5 1
1254 11 7 1
707 7 2 1
4952 8 9 1
2577 11 6 1
531 6 11 1
554 7 10 1
4426 10 7 1
1591 10 5 1
4201 8 3 1
2744 9 8 1
24 9 4 1
2902 5 11 1
2068 6 10 1
51 10 6 1
2142 9 7 1
2464 9 5 1
1535 8 8 1
4205 8 4 1
5239 7 9 1
951 7 3 1
5254 7 4 1
1500 9 6 1
1533 8 7 1
1561 8 5 1
3929 5 10 1
5166 7 8 1
3626 6 9 1
5052 7 7 1
2930 8 6 1
4549 6 8 1
2060 5 9 1
2156 0 8 1
58 7 5 1
2209 5 8 1
4376 0 7 1
1459 7 6 1
1674 1 8 1
819 4 9 1
2205 6 7 1
2469 0 6 1
4160 4 8 1
3476 3 9 1
982 6 6 1
2070 1 7 1
4503 2 8 1
1026 5 7 1
1280 6 5 1
3467 0 5 1
1986 3 8 1
4211 4 7 1
3280 2 7 1
494 1 6 1
2225 5 6 1
1607 3 7 1
3633 2 6 1
173 1 5 1
3090 6 4 1
4722 5 5 1
3820 4 6 1
4768 0 4 1
4384 1 4 1
4416 2 5 1
1964 4 5 1
2101 3 6 1
5170 0 3 1
4505 5 4 1
232 6 3 1
599 3 5 1
1407 1 3 1
983 4 4 1
41 5 3 1
4164 6 2 1
1773 0 2 1
3430 2 4 1
4476 1 2 1
145 0 1 1
513 2 3 1
4167 6 1 1
1469 5 2 1
3109 4 3 1
3278 3 4 1
4828 2 2 1
3733 6 0 1
178 5 1 1
3319 4 2 1
3787 1 1 1
1213 0 0 1
1785 3 3 1
1370 1 0 1
2053 4 1 1
94 3 2 1
1161 5 0 1
4517 2 1 1
1825 4 0 1
368 3 1 1
1822 2 0 1
3720 3 0 1
2578 2 0 4
4377 4 1 5
4185 0 0 6
2960 1 0 6
4091 1 1 6
931 4 2 6
2429 2 1 6
2150 0 1 7
2554 0 2 7
2453 2 4 7
2514 6 1 7
3182 5 2 7
5192 4 3 7
3125 5 1 7
4243 6 0 7
328 5 0 7
4755 4 0 7
1062 6 2 8
2674 6 3 8
3244 5 3 8
1 0 3 8
3732 3 6 8
1967 1 3 8
945 3 5 8
1350 2 3 8
3565 4 5 9
2177 4 6 9
2933 4 7 9
1356 6 6 9
532 1 7 9
3345 3 7 9
1445 0 5 9
3157 6 5 9
564 1 6 9
3654 0 4 9
1439 6 4 9
3598 1 5 9
773 1 4 9
5082 0 6 10
1683 8 6 10
1758 7 5 10
676 4 9 10
3488 7 8 10
1327 5 10 10
914 6 9 10
1850 0 7 10
2558 7 6 10
771 6 8 10
2998 5 9 10
2776 4 8 10
3996 3 9 10
3355 0 8 10
3772 3 8 10
634 1 8 10
1651 5 8 10
4533 2 8 10
821 2 7 10
3943 2 6 10
4245 2 5 10
3302 0 2 10
1719 2 4 10
3913 1 2 10
1748 2 2 10
2029 7 2 11
4991 7 3 11
3664 5 11 11
3855 7 4 11
1930 6 11 11
3797 11 7 11
1234 11 5 11
4108 6 10 11
3428 7 10 11
960 8 5 11
3107 10 5 11
970 7 9 11
3424 9 8 11
1415 4 2 11
3935 7 0 12
4419 7 1 12
86 6 13 12
2289 5 12 12
5043 8 1 12
4147 6 12 12
2158 10 2 12
297 8 2 12
1057 10 3 12
4585 8 3 12
2877 10 9 12
4067 11 4 12
2335 12 5 12
5140 12 7 12
4940 13 6 12
690 8 4 12
700 9 11 12
3658 10 4 12
3988 12 6 12
3610 9 10 12
1424 11 6 12
2445 9 9 12
978 0 0 12
4537 1 0 12
1582 1 1 12
3619 2 1 12
3077 2 12 13
3595 4 10 13
4696 3 12 13
2065 4 11 13
4269 13 5 13
2315 4 12 13
2376 14 5 13
4154 4 14 13
2626 11 3 13
4796 14 6 13
4642 6 15 13
4554 11 2 13
1756 14 7 13
318 13 7 13
2314 11 1 13
717 8 0 13
4148 13 8 13
2204 9 0 13
1357 9 13 13
3758 11 9 13
1263 9 12 13
4535 8 13 13
4678 8 12 13
478 4 1 13
3406 2 0 13
2097 3 10 14
5039 3 11 14
5165 2 11 14
1486 2 14 14
2299 5 17 14
4582 4 15 14
270 9 15 14
5110 5 15 14
3556 8 15 14
4721 11 0 14
4941 9 14 14
3337 10 0 14
962 8 14 14
3064 10 1 14
5116 9 1 14
3841 9 2 14
4691 9 3 14
3417 9 4 14
4714 9 5 14
3607 2 9 15
2467 2 10 15
452 0 11 15
3713 0 12 15
1154 1 14 15
1853 2 15 15
1646 17 8 15
4256 6 19 15
1661 5 18 15
3868 6 18 15
4542 15 11 15
5019 16 8 15
992 15 10 15
1351 9 16 15
5021 15 8 15
1232 14 11 15
3887 8 17 15
1470 6 17 15
4368 8 16 15
4534 14 8 15
3235 14 10 15
549 0 10 16
1507 1 15 16
2266 16 7 16
4126 2 17 16
4886 0 14 16
525 5 19 16
1310 17 7 16
3262 4 19 16
537 0 13 16
703 4 18 16
2202 9 17 16
3526 16 11 16
3435 15 12 16
4538 12 13 16
4788 9 18 16
3246 4 17 16
5104 8 18 16
4351 4 16 16
4379 14 12 16
153 16 10 16
4841 5 16 16
3978 6 16 16
1306 0 15 17
1059 0 9 17
89 0 16 17
1801 1 9 17
1202 1 17 17
2593 1 10 17
4057 1 16 17
2735 1 11 17
3736 19 7 17
4911 2 16 17
4254 1 12 17
4980 19 8 17
667 17 11 17
1920 19 9 17
1757 12 14 17
3333 12 10 17
3597 10 12 17
1948 9 19 17
31 1 13 17
2600 12 11 17
5059 8 19 17
664 2 13 17
65 17 10 17
2693 7 19 17
4127 7 18 17
2734 7 17 17
2630 7 16 17
3099 7 15 17
3241 15 7 18
1960 15 6 18
2675 17 4 18
1753 3 19 18
2727 17 5 18
3498 12 15 18
1271 11 10 18
1157 15 14 18
2949 18 11 18
2472 14 14 18
1862 0 17 19
4939 0 18 19
302 1 19 19
395 1 18 19
4888 2 19 19
2220 2 18 19
1422 3 18 19
3236 19 6 19
3501 17 13 19
1551 19 11 19
425 3 17 19
4306 10 13 19
3761 14 15 19
3959 3 16 19
1871 19 10 19
3193 18 10 19
1152 15 5 20
4823 16 5 20
5 19 5 20
317 16 6 20
1869 17 6 20
4097 11 15 20
5221 16 4 21
3890 18 13 21
4591 14 17 21
893 10 10 21
3788 15 15 21
4883 15 14 21
4769 10 11 21
1001 11 11 21
3755 17 4 22
4452 0 19 23
1919 16 3 23
4944 19 13 23
1619 19 3 23
1797 1 19 23
3115 19 12 23
562 2 19 23
2872 19 4 23
900 15 17 23
2748 12 18 23
4806 17 15 23
770 18 12 23
3416 2 18 23
1842 10 15 23
4217 16 15 23
206 17 12 23
5148 3 18 23
948 3 17 23
4090 10 14 23
2852 16 12 23
4228 11 14 23
1092 3 16 23
4017 11 13 23
2457 3 15 23
3950 11 12 23
228 3 14 23
3683 12 12 23
2048 3 13 23
2322 4 13 23
3777 5 13 23
4280 5 14 23
1690 6 14 23
2212 7 14 23
1113 7 13 23
4175 0 2 23
2147 1 2 23
262 2 2 23
2410 19 2 24
1274 18 2 24
3394 19 14 24
3834 10 17 24
3040 12 19 24
4084 10 16 24
2062 13 19 24
5238 11 16 24
376 12 16 24
3552 5 8 24
4782 18 1 25
530 16 1 25
3886 11 19 25
2386 17 17 25
2135 18 15 25
2658 14 19 25
3117 16 17 25
4139 18 14 25
4362 0 8 25
2326 1 8 25
4779 3 5 25
2000 0 0 25
1458 1 0 25
4023 1 1 25
2200 2 1 25
1366 14 2 26
3964 16 0 26
5246 18 0 26
186 17 0 26
4267 10 18 26
2681 11 18 26
1616 11 17 26
615 12 17 26
1474 14 10 26
1761 14 8 26
1149 9 10 26
4712 9 9 26
556 4 8 26
4901 3 9 26
5208 3 8 26
4272 3 6 26
831 0 3 26
1845 1 3 26
168 2 3 26
483 15 19 27
3035 6 17 27
3631 8 17 27
3716 8 13 27
4863 7 11 27
14 10 4 27
1799 9 11 27
793 5 9 27
5222 5 8 27
1904 4 1 27
2244 2 0 27
5198 19 1 28
1466 18 1 28
3438 18 17 28
4570 19 15 28
1931 18 15 28
477 18 14 28
231 17 14 28
1193 16 14 28
3145 16 13 28
3013 15 13 28
1868 14 13 28
1770 14 11 28
1754 9 16 28
4745 15 8 28
2077 8 16 28
248 11 9 28
181 13 6 28
5087 8 4 28
2185 9 8 28
2183 7 6 28
1493 6 8 28
2226 6 3 28
4935 5 3 28
1630 4 2 28
647 15 4 29
801 15 3 29
1279 16 19 29
5075 9 13 29
2953 11 8 29
4082 9 12 29
673 10 8 29
379 10 7 29
2860 10 5 29
415 8 5 29
529 0 7 29
2320 0 8 29
2862 1 8 29
2074 15 0 30
1896 15 1 30
3163 17 10 30
4036 14 12 30
5120 7 19 30
1545 16 8 30
164 16 10 30
3175 10 1 30
3877 12 5 30
1172 6 9 30
2927 7 9 30
1938 6 4 30
4333 12 2 31
227 19 0 31
4789 13 2 31
3387 19 1 31
601 18 1 31
5035 17 1 31
655 17 19 31
1022 19 17 31
1408 10 19 31
3709 17 18 31
3826 19 16 31
1870 10 18 31
4251 16 18 31
5013 18 16 31
5114 11 18 31
3334 17 16 31
974 15 18 31
4173 11 17 31
1143 16 16 31
1305 14 18 31
4129 15 16 31
956 12 17 31
2983 14 16 31
2056 6 19 31
461 4 17 31
3931 8 19 31
3846 17 8 31
1701 5 18 31
805 4 16 31
3198 6 18 31
1915 6 17 31
2496 9 14 31
4710 8 14 31
2986 12 9 31
1427 11 4 31
3947 10 4 31
136 13 3 32
2423 13 1 32
1654 14 3 32
764 2 15 32
4200 1 14 32
1557 3 15 32
2174 15 12 32
786 3 14 32
772 12 13 32
4824 6 16 32
600 8 0 32
2524 5 10 32
3992 10 9 32
3207 10 8 32
1635 10 7 32
4861 7 8 32
4639 4 9 32
1440 3 9 32
2373 3 8 32
2281 2 8 32
3510 1 6 32
3414 2 7 32
4300 2 6 32
1032 0 4 32
1806 2 5 32
154 6 0 32
263 9 19 33
1418 2 14 33
2931 4 15 33
183 11 2 33
57 9 15 33
4394 11 1 33
4838 8 15 33
3052 6 15 33
2502 11 0 33
4310 10 0 33
5176 9 0 33
4161 12 8 33
4320 9 1 33
1808 9 2 33
5256 4 3 33
3022 14 0 34
2845 14 4 34
4405 14 3 34
5218 18 18 34
3942 17 18 34
446 16 18 34
694 15 18 34
1689 14 18 34
2075 13 18 34
2795 13 17 34
2946 13 16 34
1226 12 10 34
5025 10 12 34
4218 9 17 34
4438 12 11 34
2661 9 18 34
3032 16 11 34
187 8 18 34
1249 15 11 34
290 15 10 34
310 7 18 34
964 7 17 34
4485 7 16 34
2145 7 15 34
3122 12 6 34
1677 11 5 34
1396 19 9 35
4019 12 14 35
3305 4 14 35
4594 8 2 35
4953 11 3 35
1766 8 3 35
1897 6 5 35
1739 5 2 35
705 5 1 35
2276 5 0 35
4530 4 0 35
3231 12 1 36
3020 13 1 36
3249 14 1 36
852 0 12 36
3734 0 13 36
3073 14 5 36
2321 14 6 36
2773 14 7 36
4128 10 2 36
2031 10 3 36
327 9 3 36
1793 9 7 36
626 0 5 36
4933 0 4 36
2277 1 4 36
1679 4 19 37
3671 14 15 37
2390 19 10 37
4184 4 18 37
4284 18 10 37
4525 5 11 37
815 6 11 37
2167 6 10 37
2455 7 10 37
2655 1 7 37
1530 3 7 37
3455 2 7 37
5164 2 6 37
3934 2 5 37
502 0 2 37
1794 1 2 37
3209 2 2 37
4672 12 3 38
2903 3 10 38
1655 3 11 38
4493 2 11 38
4725 1 11 38
1586 17 7 38
3816 19 7 38
3121 19 8 38
3742 1 12 38
654 5 19 38
3660 17 11 38
1838 5 18 38
2941 13 0 39
1269 13 1 39
1180 14 1 39
175 1 16 39
3507 2 16 39
4069 0 14 39
3530 0 13 39
5234 14 14 39
3799 1 13 39
2623 4 12 39
1840 12 9 39
533 8 1 39
16 6 12 39
683 8 2 39
1225 8 3 39
1135 11 4 39
1151 10 4 39
3835 9 4 39
1058 9 5 39
5022 13 4 40
2981 13 3 40
126 14 3 40
4626 18 19 40
1267 2 18 40
407 17 15 40
4805 3 18 40
3170 16 15 40
1497 16 14 40
1430 18 12 40
2992 3 17 40
2047 17 12 40
568 3 16 40
342 16 13 40
4140 16 12 40
1736 9 14 40
2673 8 14 40
5125 4 7 40
4799 6 6 40
4468 3 7 40
3695 2 7 40
4646 2 6 40
4040 2 5 40
4707 2 4 40
1613 6 1 40
1610 5 1 40
2863 5 0 40
2962 4 0 40
4602 19 18 41
2611 18 18 41
2201 17 18 41
1045 16 18 41
1807 11 15 41
3078 10 15 41
3433 19 11 41
3462 10 14 41
577 18 11 41
612 10 13 41
2755 11 10 41
59 11 13 41
4766 12 10 41
1241 17 11 41
2762 12 11 41
3110 11 12 41
2987 12 12 41
1611 4 16 41
1959 4 2 41
3840 12 18 42
4487 8 19 42
5219 18 9 42
5009 4 17 42
1067 8 18 42
4263 7 18 42
2210 7 17 42
2498 7 16 42
4879 7 15 42
3348 7 2 42
718 7 3 42
3899 7 4 42
4584 7 5 42
872 8 5 42
5099 12 0 43
3200 13 0 43
1262 13 1 43
246 14 1 43
3038 14 2 43
4049 15 2 43
3508 16 2 43
83 17 2 43
648 17 3 43
4970 15 17 43
2768 15 18 43
277 14 18 43
1018 6 19 43
2649 6 18 43
104 6 17 43
4177 5 17 43
1917 5 16 43
3668 13 5 43
4900 5 15 43
724 14 5 43
1480 14 6 43
2345 14 7 43
3808 6 8 43
4605 6 3 43
243 5 3 43
4143 0 16 44
2518 19 4 44
2333 1 16 44
2847 2 19 44
5014 1 9 44
3606 1 17 44
5051 16 6 44
2654 19 6 44
849 0 11 44
382 17 6 44
917 1 10 44
2657 1 11 44
796 17 13 44
3520 12 15 44
1817 1 12 44
2777 1 13 44
553 4 11 44
3116 2 13 44
4989 4 12 44
3782 1 18 45
4800 19 5 45
576 2 18 45
4693 11 16 45
1636 3 12 45
2522 0 3 45
512 1 3 45
210 4 3 45
3941 2 3 45
3981 12 8 46
4607 8 4 46
610 9 8 46
4336 6 4 46
535 12 4 47
3850 13 4 47
3074 13 3 47
3497 14 3 47
4047 14 2 47
3505 15 2 47
2746 16 2 47
131 17 2 47
2184 17 3 47
1433 18 3 47
66 18 4 47
5196 15 15 47
3370 15 14 47
3662 19 12 47
3380 18 5 47
2749 10 10 47
357 18 12 47
2870 11 10 47
5069 17 12 47
4528 11 11 47
3239 11 12 47
115 12 12 47
2582 11 0 47
2263 10 0 47
1383 9 0 47
1159 11 18 48
3535 16 7 48
2270 10 16 48
5242 16 6 48
3511 14 17 48
1353 11 16 48
3489 12 16 48
2014 5 12 48
563 6 15 48
3502 12 5 48
996 13 5 48
4739 13 6 48
761 11 9 48
2360 10 9 48
2329 10 8 48
3155 6 9 48
4873 9 10 48
3564 10 7 48
2371 9 9 48
4359 7 9 48
5135 0 8 48
5127 4 8 48
1117 4 7 48
4152 1 8 48
2990 4 6 48
911 3 6 48
147 12 19 49
2910 13 19 49
1684 13 18 49
1554 2 18 49
1640 5 14 49
4820 6 14 49
4695 9 12 49
975 10 5 49
2784 0 7 49
3707 5 8 49
4316 1 7 49
5061 4 1 49
3354 2 0 49
1250 0 15 50
4496 17 5 50
4988 1 19 50
844 0 16 50
3901 1 18 50
3562 17 6 50
4089 0 9 50
4445 1 9 50
26 2 10 50
2786 7 1 50
4005 9 11 50
1574 19 3 51
3044 19 13 51
3673 19 14 51
841 18 14 51
261 17 14 51
4613 16 14 51
3031 16 13 51
1726 16 12 51
3572 16 11 51
3408 4 10 51
1539 15 11 51
574 15 10 51
3693 4 11 51
29 4 12 51
1716 14 8 51
1221 11 8 51
5189 8 12 51
2316 1 0 51
4856 1 15 52
3240 1 16 52
1078 15 8 52
1488 9 16 52
4875 8 16 52
4868 6 0 52
237 5 0 52
714 4 0 52
1802 0 10 53
5235 16 10 53
220 8 13 53
4908 12 6 53
2117 11 5 53
5146 0 6 53
4207 1 6 53
4428 19 17 54
687 10 19 54
2061 19 16 54
2146 18 16 54
2920 10 18 54
3320 16 5 54
4568 17 16 54
1637 10 17 54
2344 16 16 54
1523 11 17 54
1030 17 5 54
2730 12 17 54
1900 2 9 54
1484 15 16 54
249 14 16 54
1734 2 10 54
1857 1 10 54
4244 1 11 54
3614 1 12 54
3818 9 18 54
2359 1 13 54
2732 7 19 54
1468 8 18 54
765 17 9 54
1680 2 13 54
3338 7 18 54
4716 14 11 54
550 9 15 54
4514 8 15 54
1201 11 2 54
3310 11 1 54
3201 10 1 54
108 9 1 54
2066 9 3 54
809 8 6 54
4187 4 9 54
876 3 9 54
2875 3 8 54
4878 2 8 54
871 2 7 54
517 0 5 54
2739 2 6 54
3106 0 4 54
2689 1 4 54
4912 2 5 54
1502 0 2 54
3581 0 0 54
3594 3 5 54
499 2 4 54
2392 1 2 54
2668 0 1 54
4869 2 2 54
2614 1 1 54
2450 2 1 54
2460 17 0 55
4882 17 1 55
4803 16 17 55
2089 17 2 55
3418 18 2 55
649 3 19 55
3457 2 19 55
2791 1 19 55
2182 1 18 55
3880 1 17 55
555 14 12 55
2128 4 16 55
702 14 10 55
4610 6 11 55
5032 8 11 55
438 7 8 55
1437 17 19 56
1781 16 19 56
4735 16 18 56
3056 15 18 56
2144 9 17 56
442 8 17 56
1125 7 17 56
4767 7 16 56
924 7 15 56
2168 7 14 56
3574 8 0 56
1302 5 11 56
4825 7 0 56
1473 5 10 56
2726 6 10 56
4667 7 1 56
2712 15 6 57
2213 16 6 57
69 18 15 57
5005 5 19 57
1290 6 19 57
4022 10 12 57
820 6 18 57
3982 6 17 57
1182 5 17 57
455 6 16 57
2701 5 16 57
739 6 5 57
1015 14 19 58
2660 0 18 58
3852 14 18 58
1939 13 18 58
1122 1 18 58
411 13 17 58
4770 13 16 58
2589 19 8 58
5007 13 15 58
96 17 11 58
3248 12 13 58
1768 13 14 58
5134 16 11 58
4711 16 10 58
5243 2 14 58
56 4 15 58
1577 5 15 58
3102 5 14 58
4885 11 3 58
2821 10 3 58
2131 10 2 58
1780 9 2 58
2011 8 2 58
223 7 2 58
3785 7 3 58
1587 7 4 58
1844 7 5 58
4197 7 6 58
2940 6 1 58
1258 5 1 58
1139 5 2 58
5216 4 2 58
596 2 2 58
1365 14 4 59
685 14 3 59
5071 15 3 59
2513 15 2 59
169 16 2 59
1776 18 1 59
3432 15 5 59
850 18 13 59
5253 16 5 59
3536 17 5 59
1393 0 17 59
3071 19 7 59
114 12 10 59
3576 1 17 59
2365 2 17 59
3645 11 10 59
125 3 17 59
2711 11 11 59
4892 17 7 59
889 3 16 59
1564 3 15 59
2073 3 14 59
2966 4 6 59
418 1 2 59
2304 16 4 60
3357 19 1 60
3979 19 2 60
3011 0 8 60
5139 1 8 60
5033 6 6 60
3615 4 8 60
3247 2 8 60
905 4 7 60
2084 2 7 60
1101 10 14 61
4436 10 13 61
2700 15 12 61
1555 11 13 61
3409 11 12 61
4407 12 12 61
3737 11 6 61
3140 9 10 61
4287 8 10 61
52 9 9 61
273 2 5 61
2140 0 2 61
453 0 0 61
247 0 1 61
4512 1 1 61
2243 2 1 61
2175 15 4 62
2500 15 3 62
370 15 2 62
1506 16 2 62
636 16 3 62
3743 19 15 62
922 17 3 62
1095 18 15 62
4619 18 14 62
3821 17 14 62
4664 16 14 62
2495 16 13 62
1146 4 18 62
3228 0 12 62
3563 1 11 62
2341 4 17 62
4731 1 12 62
4413 5 17 62
2096 4 14 62
1332 11 4 62
1112 10 4 62
4801 9 4 62
1508 6 9 62
3839 9 5 62
311 0 5 62
658 0 4 62
3429 2 6 62
5201 1 4 62
2829 2 4 62
3987 16 0 63
3764 17 0 63
595 18 0 63
4675 18 1 63
2759 18 2 63
3447 17 4 63
2473 18 3 63
1935 19 11 63
281 18 4 63
2221 18 5 63
829 18 11 63
323 18 6 63
4390 18 10 63
3828 3 11 63
2948 2 11 63
303 2 12 63
3143 6 12 63
522 6 8 63
602 4 9 63
286 3 9 63
80 3 8 63
1388 6 3 63
393 5 3 63
4380 15 19 64
1991 14 19 64
3688 14 14 64
5191 12 9 64
184 10 0 64
3427 9 0 64
862 14 7 64
2950 8 0 64
3029 7 0 64
2642 9 3 64
2125 8 3 64
558 9 7 64
1681 9 19 65
2615 9 18 65
1682 9 17 65
2528 8 17 65
4401 12 15 65
3802 7 17 65
4895 0 13 65
2207 7 16 65
3381 6 16 65
2293 5 16 65
3282 11 0 65
2908 11 9 65
2532 10 9 65
5107 10 8 65
255 1 7 65
1390 2 7 65
3651 3 7 65
633 3 6 65
4995 3 5 65
5078 4 1 65
4457 11 17 66
1617 17 10 66
161 12 17 66
3395 17 13 66
2332 18 10 66
1791 18 9 66
4392 6 15 66
2964 5 15 66
1385 9 15 66
631 12 5 66
139 11 2 66
1827 5 14 66
1373 9 14 66
4936 8 15 66
1999 11 1 66
5103 14 6 66
3634 8 14 66
2538 10 1 66
2547 7 14 66
2403 9 1 66
4612 8 1 66
491 7 1 66
284 7 2 66
1138 7 3 66
5197 7 4 66
3251 7 5 66
817 7 6 66
239 1 0 66
4235 2 0 66
3006 17 18 67
4689 0 19 67
4631 11 15 67
3544 0 18 67
2021 0 17 67
292 10 15 67
2430 10 10 67
3085 10 14 67
1813 1 17 67
2339 11 10 67
4697 10 13 67
1087 11 13 67
3413 11 11 67
2363 11 12 67
2468 1 14 67
4848 12 12 67
1816 1 13 67
935 14 5 67
2262 5 12 67
1818 13 5 67
1229 13 6 67
272 11 8 67
3921 19 18 68
23 13 1 68
560 14 0 68
2426 19 17 68
1148 14 1 68
2378 19 16 68
3183 18 16 68
3770 17 16 68
4692 16 16 68
3399 16 17 68
4855 19 12 68
3718 18 12 68
5158 17 12 68
2024 16 12 68
1955 0 11 68
1929 3 10 68
1788 1 11 68
2186 3 11 68
2738 2 11 68
4641 2 12 68
1177 2 13 68
3293 14 8 68
2662 10 5 68
507 0 7 68
2287 5 8 68
2957 1 7 68
3747 2 7 68
341 3 7 68
2441 3 6 68
3273 3 5 68
1231 15 7 69
5030 15 6 69
4190 15 5 69
4926 16 5 69
1865 16 4 69
1746 16 15 69
2093 11 16 69
1478 15 15 69
5147 12 16 69
2072 2 18 69
1685 2 17 69
3919 15 14 69
510 6 14 69
4037 9 12 69
1358 8 12 69
38 17 17 70
221 16 17 70
4174 16 18 70
5228 15 18 70
1008 14 18 70
865 14 17 70
422 12 14 70
4723 2 15 70
4134 4 10 70
3611 15 11 70
2639 4 11 70
3792 15 10 70
5154 4 12 70
268 1 5 70
1504 1 4 70
2234 2 4 70
2181 12 1 71
661 13 1 71
4985 11 19 71
3024 10 19 71
4518 10 18 71
401 10 17 71
2413 11 17 71
3558 19 10 71
4558 12 17 71
2239 18 10 71
1614 3 18 71
1106 18 9 71
1442 3 17 71
3441 3 16 71
749 3 15 71
3803 3 14 71
39 2 2 71
414 12 19 72
4141 13 19 72
3657 13 18 72
2901 14 15 72
4686 14 11 72
1245 4 3 72
2170 5 2 72
1660 2 3 72
2452 4 2 72
1543 6 0 72
1705 19 13 73
4296 19 14 73
1849 10 16 73
4785 18 14 73
818 11 16 73
2633 17 14 73
329 12 16 73
2708 17 13 73
222 16 13 73
3568 15 13 73
3711 14 13 73
4917 0 14 73
4719 1 14 73
1065 1 13 73
3897 9 11 73
3756 8 11 73
2397 8 9 73
309 8 7 73
2278 6 4 73
2665 16 1 74
5129 4 19 74
3540 4 18 74
5015 4 17 74
4324 4 16 74
2138 14 10 74
1412 5 16 74
420 5 15 74
2783 5 14 74
179 8 2 74
2760 6 11 74
3726 7 2 74
1895 9 8 74
2896 8 8 74
4046 6 1 74
5214 5 1 74
4172 5 0 74
3691 4 0 74
3583 12 4 75
1303 13 4 75
4947 13 0 75
3712 19 19 75
3442 13 3 75
2297 13 1 75
2646 19 18 75
3591 13 2 75
4634 14 2 75
2958 19 17 75
3680 19 16 75
5091 15 2 75
2232 18 16 75
3053 19 6 75
3288 0 9 75
1744 1 9 75
5249 1 10 75
2899 17 9 75
3561 14 12 75
5011 1 11 75
3147 8 18 75
2157 8 4 75
4738 8 5 75
2834 1 2 75
3172 2 2 75
1307 17 6 76
2533 19 9 76
3372 18 9 76
3342 8 19 76
4166 7 19 76
4853 7 18 76
929 7 17 76
3980 7 16 76
3227 4 6 76
4690 12 10 77
2295 11 10 77
787 18 8 77
1553 11 11 77
18 11 12 77
2942 12 12 77
2914 4 15 77
3656 11 3 77
5040 5 15 77
4515 10 3 77
4784 5 14 77
3791 10 2 77
4674 9 2 77
3832 8 2 77
3411 7 2 77
440 7 3 77
1581 9 7 77
1501 7 4 77
2160 7 5 77
704 0 6 77
1141 0 5 77
4780 0 4 77
3741 19 0 78
4464 18 0 78
3468 18 1 78
3007 18 2 78
1285 1 19 78
485 17 5 78
1638 0 19 78
3796 0 18 78
4466 19 7 78
1451 0 17 78
2805 1 17 78
1238 2 17 78
1527 2 10 78
4737 3 17 78
5108 2 11 78
2313 3 16 78
1170 2 12 78
5088 3 15 78
3669 2 13 78
4727 9 16 78
985 18 18 79
1947 19 18 79
4276 19 17 79
2874 19 16 79
2002 18 16 79
4279 17 16 79
940 17 17 79
4282 19 4 79
1749 16 17 79
4545 15 17 79
2632 14 17 79
4370 18 13 79
1257 17 13 79
2719 13 17 79
4701 13 16 79
3729 16 13 79
4600 11 14 79
4645 13 15 79
514 12 14 79
3625 2 14 79
102 6 9 79
93 2 8 79
229 2 7 79
264 6 5 79
5188 6 2 79
1843 6 1 79
2550 5 1 79
4654 5 0 79
2199 4 0 79
2866 15 0 80
1077 15 1 80
1387 15 2 80
3216 16 2 80
53 11 5 80
913 10 5 80
4847 16 11 81
3539 16 10 81
653 15 8 81
4327 4 1 81
2025 19 3 82
3864 0 16 82
4303 17 15 82
1203 12 18 82
2842 0 17 82
3097 17 14 82
480 13 18 82
2594 1 17 82
1206 17 13 82
3267 13 17 82
4104 16 13 82
2391 2 17 82
559 3 17 82
1740 15 13 82
3017 6 18 82
4146 14 13 82
3766 12 13 82
1979 6 7 82
3753 5 7 82
3646 6 3 82
4144 5 3 82
4890 12 3 83
400 13 3 83
4544 10 12 83
3211 11 12 83
2256 12 12 83
1318 14 7 83
113 11 9 83
1854 10 9 83
3933 10 8 83
4278 1 6 83
5055 1 5 83
5096 2 6 83
2838 1 4 83
1629 9 0 84
1521 8 0 84
4222 11 0 84
350 7 0 84
1464 11 1 84
2382 7 1 84
953 7 2 84
1772 11 8 84
1244 11 4 84
490 10 4 84
1699 8 7 84
4854 0 8 84
2807 4 9 84
4992 3 9 84
973 4 8 84
4249 4 7 84
2564 4 6 84
2385 6 4 84
1342 0 3 84
614 1 3 84
1448 2 3 84
4331 2 0 84
2491 12 2 85
2523 13 2 85
4839 14 2 85
43 15 2 85
941 16 2 85
3034 16 3 85
1312 2 19 85
4523 17 3 85
1622 1 19 85
544 0 19 85
1145 18 3 85
2892 0 18 85
1449 18 4 85
3446 18 11 85
1174 0 17 85
2544 1 17 85
2161 2 17 85
625 2 16 85
1910 5 17 85
958 0 13 85
4724 3 16 85
4053 3 15 85
110 3 14 85
6 4 14 85
2638 5 14 85
3134 10 0 85
845 10 1 85
1441 12 6 85
2132 8 12 85
1052 6 12 85
361 5 8 85
2507 6 8 85
3578 1 0 85
4993 18 17 86
2389 17 17 86
1752 13 17 86
2976 12 15 86
5175 10 11 86
2670 10 12 86
3647 4 12 86
2113 12 9 86
195 8 1 86
3194 5 12 86
4403 14 5 86
3922 13 5 86
4106 7 1 86
106 7 2 86
417 7 3 86
1778 8 3 86
5123 0 7 86
435 1 7 86
723 1 8 86
2463 2 8 86
4274 3 8 86
2488 3 7 86
4790 3 6 86
4358 3 5 86
4308 2 4 86
4318 19 11 87
3728 15 10 87
3801 14 6 87
4753 14 8 87
2585 7 14 87
861 9 12 87
4179 5 11 87
3659 9 11 87
2622 9 1 87
666 5 10 87
1604 8 11 87
3084 6 10 87
1080 8 9 87
133 0 0 87
4983 0 2 87
4406 0 1 87
4138 1 1 87
5079 2 1 87
575 17 0 88
5031 18 0 88
3879 18 1 88
3316 17 4 88
1867 17 11 88
729 15 16 88
3528 18 11 88
3608 0 11 88
2817 3 10 88
3168 0 12 88
2508 3 11 88
1578 1 12 88
2388 9 14 88
439 6 14 88
5157 11 2 88
1676 10 2 88
4909 12 8 88
2319 9 2 88
2971 9 3 88
4818 9 4 88
1824 9 5 88
1588 16 19 89
4062 16 18 89
4482 11 18 89
1454 16 17 89
1846 15 17 89
660 12 18 89
2855 13 18 89
240 14 16 89
12 5 19 89
2997 19 8 89
2050 6 19 89
4658 6 18 89
4196 6 17 89
1294 8 18 89
4816 7 15 89
1477 12 5 89
534 13 5 89
930 13 6 89
308 2 5 89
2527 2 4 89
315 1 2 89
5028 2 2 89
3039 19 2 90
2601 18 2 90
3234 19 10 90
2850 16 6 90
4414 10 14 90
1168 18 10 90
3911 16 7 90
2628 10 13 90
3308 18 9 90
3146 17 7 90
3975 11 13 90
1438 3 12 90
2034 5 9 90
828 5 10 90
1962 0 4 90
3894 6 10 90
1239 0 5 90
3678 0 6 90
4262 8 8 90
1041 0 7 90
3637 1 7 90
578 1 8 90
1691 2 8 90
688 3 8 90
3582 3 7 90
1195 3 6 90
1236 3 5 90
2013 3 19 91
412 3 18 91
1064 10 10 91
4297 15 15 91
715 2 18 91
1820 15 14 91
1815 1 16 91
1706 10 11 91
245 2 17 91
1906 4 11 91
3859 14 14 91
335 10 12 91
3444 3 11 91
3154 2 16 91
2188 11 12 91
3210 12 12 91
3346 17 9 91
5090 14 12 91
4931 9 9 91
4702 9 8 91
774 9 7 91
4004 7 4 91
748 7 5 91
1531 19 15 92
127 18 15 92
48 10 16 92
3939 11 17 92
3219 18 14 92
295 17 15 92
4059 17 14 92
4596 12 17 92
3710 16 15 92
591 16 14 92
1304 0 15 92
1653 0 14 92
855 9 19 92
1291 9 18 92
2032 1 14 92
2618 1 13 92
1985 9 17 92
1130 8 17 92
1186 9 15 92
2985 8 2 92
1926 6 11 92
21 8 10 92
2028 4 2 92
2932 6 0 92
4965 14 4 93
1724 14 3 93
2451 14 2 93
3895 15 2 93
2479 17 2 93
2780 10 15 93
1268 14 19 93
4260 11 15 93
91 13 19 93
2747 11 16 93
4136 13 18 93
2285 12 16 93
3188 5 15 93
4870 6 15 93
4774 4 5 93
2476 0 9 94
1987 1 18 94
107 19 6 94
1403 1 9 94
3092 2 18 94
2154 2 17 94
1601 2 16 94
4073 3 16 94
1615 3 15 94
3960 3 14 94
3854 14 10 94
1127 9 13 94
444 11 3 94
2767 10 3 94
4309 6 9 94
4448 6 5 94
760 2 7 94
3621 6 2 94
2816 6 1 94
3944 5 1 94
46 5 0 94
4025 4 0 94
1210 16 16 95
4808 4 10 95
1110 11 10 95
1368 4 15 95
2751 4 11 95
4007 11 14 95
4365 12 14 95
224 11 11 95
3547 3 11 95
806 15 11 95
150 15 10 95
2534 12 6 95
2171 8 12 95
997 6 12 95
1169 6 11 95
4092 5 8 95
4409 6 8 95
3003 1 7 95
1994 1 8 95
1009 2 8 95
