777975
1990
3140 0 19 1
1173 0 9 1
2691 1 9 1
118 0 18 1
1853 1 19 1
4753 0 10 1
4586 2 9 1
2941 1 10 1
3032 1 18 1
1240 0 17 1
4998 0 11 1
3922 2 19 1
3613 2 10 1
3779 0 12 1
5491 3 19 1
3013 0 16 1
37 2 18 1
1874 1 17 1
4473 1 11 1
2148 3 9 1
4868 4 19 1
1058 2 11 1
1722 2 17 1
103 3 18 1
845 1 16 1
3434 1 12 1
4036 3 10 1
1804 4 9 1
5335 0 13 1
3448 0 15 1
2193 4 18 1
1688 0 14 1
2548 2 12 1
252 5 9 1
3532 2 16 1
1197 5 19 1
97 1 15 1
2702 3 17 1
3209 1 13 1
1699 3 11 1
4633 4 10 1
2926 5 18 1
1957 4 17 1
2236 2 15 1
3079 3 16 1
1149 2 13 1
5297 3 12 1
1297 4 11 1
4174 5 10 1
304 1 14 1
4265 5 11 1
627 6 10 1
2139 3 13 1
531 2 14 1
3321 3 15 1
3658 5 17 1
4162 4 16 1
2763 4 12 1
3362 5 12 1
2522 3 14 1
3262 7 10 1
4273 6 11 1
3962 4 13 1
380 5 16 1
683 4 15 1
2030 7 11 1
891 8 10 1
4433 5 15 1
4512 4 14 1
3019 5 13 1
618 6 12 1
3445 6 19 1
5005 6 13 1
3669 5 14 1
4705 8 11 1
4312 7 12 1
198 7 19 1
109 8 12 1
1374 6 18 1
3692 6 14 1
616 7 13 1
3040 7 14 1
1364 7 18 1
5080 6 15 1
4877 8 13 1
136 6 17 1
983 9 12 1
2641 8 19 1
1866 8 14 1
1996 7 15 1
5170 10 12 1
3353 9 19 1
650 8 18 1
984 9 13 1
2859 6 16 1
4704 7 17 1
815 8 15 1
1327 10 13 1
3334 8 17 1
2233 9 14 1
3393 9 18 1
459 10 19 1
2358 7 16 1
3593 11 19 1
2737 8 16 1
2459 10 18 1
3279 10 14 1
1238 9 17 1
2597 9 15 1
2598 12 19 1
593 10 17 1
1910 10 15 1
1594 11 18 1
2393 9 16 1
2456 12 18 1
2974 11 17 1
3861 13 19 1
3864 10 16 1
2309 19 19 1
1980 11 16 1
3167 19 18 1
4725 18 19 1
4315 14 19 1
1660 13 18 1
3552 12 17 1
2539 11 15 1
2392 13 17 1
1599 17 19 1
2560 18 18 1
5486 12 16 1
1172 15 19 1
1439 14 18 1
1227 19 17 1
895 11 14 1
79 17 18 1
4840 18 17 1
2839 16 19 1
990 15 18 1
1318 14 17 1
2928 11 12 1
3009 19 16 1
4746 13 16 1
2979 12 15 1
447 19 15 1
1716 14 16 1
1103 13 15 1
1703 11 13 1
4107 17 17 1
752 15 17 1
211 18 16 1
5466 12 12 1
5233 12 14 1
3015 16 18 1
2499 18 15 1
3397 17 16 1
509 12 13 1
5284 16 17 1
2577 13 14 1
2990 15 16 1
1928 19 14 1
3348 14 15 1
2504 19 13 1
1666 0 8 1
3526 0 0 1
4179 18 14 1
3911 17 15 1
2925 16 16 1
4181 15 15 1
4698 14 14 1
1706 13 13 1
5289 18 13 1
1470 17 14 1
2294 19 12 1
521 16 15 1
5165 15 14 1
2948 14 13 1
1736 0 1 1
1532 1 8 1
3534 0 7 1
3878 1 0 1
713 19 11 1
384 15 13 1
2525 1 7 1
3935 16 14 1
5016 18 12 1
1123 2 8 1
4337 1 1 1
4524 0 6 1
588 2 0 1
545 0 2 1
1598 17 13 1
5268 17 12 1
1006 2 7 1
3264 3 0 1
2351 18 11 1
3510 2 1 1
3258 3 8 1
4576 1 6 1
3215 16 13 1
2086 1 2 1
2700 0 3 1
3022 0 5 1
4290 19 10 1
2131 1 3 1
2048 17 11 1
2218 2 2 1
3038 0 4 1
4280 4 0 1
1807 2 6 1
3218 19 9 1
2829 3 7 1
51 18 10 1
4829 16 12 1
2300 4 8 1
4964 1 5 1
5429 3 1 1
5369 4 1 1
2924 6 9 1
5366 16 11 1
2163 17 10 1
4251 18 9 1
634 2 5 1
3266 3 2 1
4471 2 3 1
3080 3 6 1
2437 4 7 1
3535 1 4 1
510 5 0 1
96 15 12 1
1326 19 8 1
3176 5 8 1
138 3 3 1
5363 16 10 1
4898 3 5 1
5121 6 0 1
2088 15 11 1
4003 5 7 1
722 4 2 1
4 6 8 1
1992 5 1 1
4338 17 9 1
2986 2 4 1
5479 14 12 1
3837 9 11 1
1921 4 6 1
2277 18 8 1
350 7 9 1
1831 19 7 1
4921 5 2 1
1073 13 12 1
438 14 11 1
4538 5 6 1
4630 4 5 1
372 4 3 1
3190 6 1 1
1810 15 10 1
4349 3 4 1
543 8 9 1
3984 16 9 1
5404 6 7 1
1711 7 0 1
1766 9 10 1
59 19 6 1
649 17 8 1
2235 7 8 1
3801 10 11 1
4837 18 7 1
1431 8 8 1
3572 19 5 1
2672 18 6 1
5245 14 10 1
4697 4 4 1
569 17 7 1
1683 16 8 1
2973 15 9 1
4765 8 0 1
5023 11 11 1
4681 7 1 1
516 6 6 1
697 7 7 1
150 10 10 1
4931 5 5 1
5243 9 9 1
504 6 2 1
2136 5 3 1
3259 13 11 1
3414 12 11 1
4773 15 8 1
566 16 7 1
3137 6 3 1
2119 6 5 1
2660 8 7 1
4563 11 10 1
5426 17 6 1
4301 7 2 1
1777 7 6 1
1549 18 5 1
2774 10 9 1
1994 8 1 1
3243 19 4 1
3476 9 8 1
4421 9 0 1
1823 13 10 1
1094 14 9 1
2247 5 4 1
1983 14 8 1
1384 11 9 1
5181 10 8 1
2494 8 6 1
5367 10 0 1
3245 9 7 1
3030 16 6 1
1241 8 2 1
2014 17 5 1
4888 18 4 1
4844 7 5 1
4227 6 4 1
2512 12 10 1
311 7 3 1
3545 9 1 1
2433 13 9 1
3977 15 7 1
3222 19 3 1
4611 14 7 1
4610 19 2 1
1501 11 8 1
2722 10 1 1
2347 15 6 1
2051 17 4 1
5138 7 4 1
4178 10 7 1
4683 8 3 1
5447 8 5 1
4972 16 5 1
5000 12 9 1
2077 13 8 1
2761 9 6 1
370 18 3 1
106 9 2 1
113 8 4 1
3763 13 7 1
4474 15 5 1
686 10 6 1
774 14 6 1
2531 12 8 1
5312 10 2 1
1203 9 3 1
2242 17 3 1
1306 9 5 1
5346 18 2 1
4751 11 7 1
2970 16 4 1
963 19 1 1
1637 18 1 1
940 14 5 1
5019 10 5 1
5071 10 3 1
1813 13 6 1
5400 17 2 1
3380 11 6 1
4369 19 0 1
2161 16 3 1
2449 9 4 1
102 12 7 1
4291 15 4 1
1416 10 4 1
2360 15 3 1
4531 18 0 1
1585 14 4 1
800 12 6 1
866 16 2 1
4282 11 5 1
3891 17 1 1
806 13 5 1
5421 15 2 1
4052 12 5 1
2527 16 1 1
1946 13 4 1
5282 14 3 1
367 17 0 1
4299 11 4 1
3600 13 3 1
3355 15 1 1
2606 14 2 1
5225 11 3 1
4004 16 0 1
105 12 4 1
326 13 2 1
2769 14 1 1
5227 15 0 1
576 11 2 1
3685 12 3 1
2160 14 0 1
4040 11 1 1
5442 12 2 1
5348 13 1 1
2106 13 0 1
5357 12 1 1
117 11 0 1
3649 12 0 1
5327 13 1 5
645 11 0 5
2042 11 2 6
4664 12 3 6
1787 13 2 6
188 14 1 6
1589 11 1 6
3442 12 2 6
1972 12 1 6
3415 11 5 7
2658 11 3 7
1082 13 5 7
2682 17 1 7
1537 16 1 7
2768 11 6 8
851 9 4 8
4895 13 3 8
1712 19 0 8
3125 17 2 8
5411 15 4 8
5489 15 3 8
1812 9 5 9
3123 10 2 9
3472 12 8 9
2681 12 6 9
3192 12 5 9
4089 15 5 9
2502 19 1 9
444 18 2 9
4051 17 3 9
2731 18 1 9
5037 18 0 9
4817 17 0 9
5047 16 0 9
1349 7 5 10
5003 10 1 10
3318 8 5 10
1253 7 3 10
2800 12 10 10
5406 12 9 10
541 10 7 10
5002 19 2 10
1753 19 3 10
84 13 6 10
2060 18 3 10
3863 15 6 10
986 17 5 10
3643 5 3 11
5428 6 3 11
4045 6 5 11
3759 10 0 11
1843 12 11 11
3845 11 10 11
244 9 8 11
2628 9 0 11
264 8 7 11
1263 8 1 11
2464 9 1 11
4347 11 9 11
5322 9 7 11
838 13 11 11
2416 13 10 11
2706 9 2 11
426 13 9 11
2505 13 8 11
3400 15 8 11
2129 16 7 11
1817 15 7 11
4019 17 6 11
4717 18 5 11
4202 16 6 11
3503 16 5 11
2575 9 9 12
2866 8 9 12
1399 5 5 12
4996 11 11 12
2299 8 8 12
4043 8 0 12
5395 10 11 12
3152 6 7 12
5204 7 0 12
3084 6 2 12
3940 6 6 12
4398 18 6 12
4336 14 10 12
4733 19 6 12
4083 19 5 12
3126 19 4 12
3860 18 4 12
702 17 4 12
2984 16 4 12
1636 16 3 12
4900 16 2 12
4880 5 7 13
3654 5 6 13
1159 3 5 13
1931 4 6 13
162 4 5 13
5158 19 7 13
1869 9 11 13
3814 7 9 13
785 6 0 13
959 6 1 13
1514 18 7 13
4731 13 12 13
2058 9 10 13
2046 18 8 13
4266 7 1 13
5470 17 7 13
4373 14 12 13
4529 10 10 13
1774 17 8 13
2837 10 9 13
2747 14 11 13
5452 7 2 13
2645 8 2 13
3077 17 9 13
4102 16 8 13
2582 15 11 13
1424 10 8 13
3241 16 9 13
3105 11 8 13
4257 11 7 13
5362 12 7 13
3463 13 7 13
1518 5 0 14
1732 3 6 14
771 1 5 14
2910 5 1 14
1734 3 1 14
3932 3 7 14
1118 4 1 14
4109 5 2 14
4211 4 7 14
3857 1 4 14
5070 3 2 14
4218 2 5 14
5285 2 3 14
217 4 2 14
3379 3 3 14
1032 2 4 14
1952 3 4 14
3533 4 3 14
1935 19 8 14
3211 6 9 14
3592 19 9 14
432 4 4 14
3859 5 4 14
5077 18 9 14
2710 15 12 14
4602 6 4 14
1788 16 12 14
5008 7 4 14
112 16 11 14
777 8 4 14
4614 8 3 14
4326 9 3 14
2573 10 3 14
2891 4 0 15
928 3 0 15
1247 2 0 15
4070 2 1 15
787 2 2 15
4447 1 3 15
2023 16 13 15
3491 19 10 15
4118 18 11 15
2398 18 10 15
4869 10 4 15
2713 11 3 15
2934 13 5 15
3002 17 1 15
3300 16 1 15
682 1 0 16
1274 1 1 16
1485 1 2 16
4155 0 7 16
128 13 13 16
3017 2 6 16
1936 2 7 16
1912 14 13 16
4348 15 13 16
1375 15 15 16
5012 19 11 16
3051 18 13 16
4006 19 12 16
3377 18 12 16
2834 15 2 16
2783 15 1 16
3996 15 0 16
5370 14 1 16
2282 11 1 16
1686 14 0 16
1153 13 0 16
1382 0 0 17
4948 0 1 17
1687 0 2 17
101 0 3 17
4390 0 4 17
2734 0 5 17
6 14 15 17
3037 15 16 17
3541 19 13 17
4119 0 6 17
1652 16 15 17
2959 18 15 17
1696 19 14 17
3732 1 6 17
5410 0 8 17
3370 1 7 17
3134 18 14 17
1857 1 8 17
3175 2 8 17
1087 3 8 17
2989 4 8 17
4493 5 8 17
4825 6 8 17
2950 7 8 17
4048 7 7 17
3283 7 6 17
965 8 6 17
1007 9 6 17
4121 10 6 17
4703 10 5 17
2576 11 5 17
4318 13 4 17
5321 11 4 17
5433 12 4 17
68 12 3 17
1324 11 2 17
1024 13 1 17
502 11 0 17
2040 11 12 18
689 11 13 18
520 12 12 18
373 14 16 18
5420 14 17 18
2232 16 19 18
1847 15 18 18
5450 13 16 18
1583 12 15 18
1119 12 13 18
3598 19 15 18
203 13 15 18
3912 16 18 18
2371 15 17 18
2466 19 16 18
5476 16 17 18
856 16 16 18
4766 18 16 18
348 15 19 19
4017 14 19 19
678 13 19 19
5234 14 18 19
5368 13 18 19
3618 12 18 19
5500 13 17 19
2753 12 17 19
2405 11 17 19
3615 12 16 19
3548 19 19 19
3394 19 18 19
820 18 19 19
4477 19 17 19
4157 17 19 19
4823 18 18 19
5308 18 17 19
4723 17 18 19
1841 17 17 19
938 17 16 19
4873 17 15 19
3438 12 19 20
4594 11 19 20
4288 9 14 20
3666 11 18 20
1206 9 18 20
4981 9 17 20
3926 9 15 20
4796 7 15 21
1105 7 17 21
4204 8 14 21
2914 6 16 21
2445 8 18 21
2450 9 13 21
2435 7 16 21
3261 8 15 21
4161 8 17 21
2802 8 16 21
114 9 16 21
3816 6 15 22
2383 6 14 22
5057 6 17 22
4018 7 14 22
4591 6 18 22
3069 7 13 22
3460 7 18 22
4021 8 13 22
2915 4 14 23
3772 5 15 23
4285 5 14 23
3865 5 13 23
648 6 13 23
4958 7 11 23
2585 8 10 23
1252 6 19 23
5382 8 11 23
4426 7 19 23
38 8 19 23
3614 9 19 23
411 10 19 23
365 10 18 23
3848 10 17 23
3272 10 8 23
2917 17 9 23
2500 16 8 23
1785 16 9 23
5254 7 10 24
467 6 10 24
4983 6 11 24
1435 1 14 25
4916 2 14 25
2034 18 5 25
5267 17 6 25
1778 7 2 25
1291 18 4 25
1298 16 6 25
1128 8 2 25
1438 16 5 25
3800 4 11 26
337 15 7 26
3882 11 0 26
1562 5 16 27
2270 4 15 27
2423 17 10 27
1222 16 10 27
3553 16 7 27
248 17 8 27
1099 16 8 27
235 14 9 27
5388 17 5 27
2662 5 19 28
4497 5 18 28
2750 5 17 28
3226 1 15 28
4377 4 16 28
2216 2 15 28
282 4 10 28
2571 3 11 28
748 14 12 28
4544 10 10 28
3401 14 11 28
4712 15 6 28
4612 11 2 28
3576 13 1 28
3522 4 18 29
656 0 15 29
245 4 17 29
2331 0 14 29
622 3 17 29
1205 0 13 29
147 1 13 29
205 2 13 29
2623 16 12 29
4191 10 8 29
4184 17 7 29
3890 7 1 29
5136 9 7 29
347 17 3 29
711 18 2 29
3868 3 10 30
4838 1 12 30
286 4 9 30
2145 2 12 30
3771 5 9 30
2250 3 11 30
4797 3 12 30
704 5 10 30
2881 5 11 30
3640 9 10 30
3465 10 10 30
1503 10 9 30
2154 15 12 30
4584 14 10 30
4458 18 6 30
1969 11 9 30
4487 19 6 30
5263 11 8 30
4649 19 5 30
791 6 6 30
4068 11 7 30
2454 19 4 30
4677 12 7 30
3062 13 7 30
2252 14 3 30
2780 1 16 31
1761 2 16 31
55 19 9 31
4009 13 12 31
453 6 9 31
1323 18 7 31
1264 18 9 31
3616 13 11 31
2785 13 10 31
292 19 3 31
5349 18 3 31
794 18 4 31
99 17 4 31
1062 13 6 31
3815 16 4 31
801 15 4 31
4736 16 3 31
608 15 3 31
1030 11 5 31
2072 16 2 31
272 15 2 31
3978 14 2 31
3603 13 2 31
2320 18 14 32
4598 1 7 32
2337 3 3 32
4122 7 0 32
3208 6 0 32
5353 7 9 32
74 6 1 32
2199 6 2 32
5358 8 1 32
1962 7 2 32
2536 8 2 32
2390 2 17 33
5139 6 7 33
4449 7 6 33
681 19 2 33
2876 10 7 33
3058 19 1 33
2008 15 5 33
212 18 1 33
5454 18 0 33
3478 17 0 33
651 4 19 34
4151 4 18 34
1009 3 18 34
732 3 17 34
4172 3 16 34
1454 0 8 34
3537 9 11 34
466 2 5 34
1629 2 3 34
2508 10 11 34
4022 19 7 34
1038 10 10 34
1145 19 8 34
5316 10 9 34
3530 18 8 34
3795 11 9 34
2281 17 8 34
5064 16 8 34
2185 3 9 35
2123 4 9 35
2253 5 9 35
5044 5 10 35
1270 5 11 35
90 17 18 35
2382 17 17 35
1405 1 4 35
2868 3 2 35
2075 2 4 35
4847 3 4 35
2748 9 8 35
417 9 7 35
1188 14 4 35
1377 11 3 35
2103 14 1 35
3736 11 1 35
443 1 11 36
1830 2 11 36
1250 19 16 36
3501 0 6 36
3506 1 6 36
5235 18 15 36
5379 16 15 36
2 1 7 36
3794 1 8 36
4148 2 8 36
1039 4 7 36
1387 8 0 36
4542 9 0 36
4999 9 1 36
3574 8 4 36
2446 9 2 36
3444 17 2 36
2692 17 1 36
2422 16 1 36
2938 15 1 36
157 17 19 37
4629 18 19 37
1231 12 13 37
5004 19 17 37
4140 13 15 37
3929 16 18 37
3388 15 17 37
2833 16 17 37
1200 15 16 37
1725 19 15 37
3516 19 13 37
3625 16 16 37
7 19 14 37
4782 18 14 37
4566 19 10 37
1302 18 12 37
1033 18 10 37
1883 5 2 37
4238 4 6 37
3416 4 5 37
1727 13 4 37
3161 0 16 38
4774 1 16 38
19 3 19 38
4350 3 18 38
3033 8 17 38
5192 12 15 38
4120 19 12 38
4492 16 13 38
1091 18 13 38
607 19 11 38
4489 3 7 38
2716 3 1 38
5244 3 8 38
3106 18 11 38
1758 4 8 38
4896 5 8 38
881 6 8 38
4989 7 7 38
1658 19 0 38
1763 12 6 38
2801 18 0 38
829 17 0 38
5286 16 0 38
3115 15 0 38
4423 14 0 38
5156 13 0 38
2246 2 19 39
1608 2 18 39
2138 0 12 39
3384 1 12 39
2188 2 10 39
307 8 15 39
5333 8 16 39
1341 9 16 39
1350 19 19 39
1617 19 18 39
2744 18 18 39
5249 18 17 39
2211 14 15 39
2629 18 16 39
354 17 16 39
5173 17 15 39
4922 1 3 39
680 5 1 39
140 1 4 39
3461 4 1 39
3934 3 5 39
598 11 11 39
4911 2 4 39
4522 11 10 39
4627 3 4 39
5178 13 3 39
4233 0 17 40
2908 0 11 40
2451 13 16 40
4968 12 16 40
3558 15 18 40
1543 15 13 40
2762 12 11 40
1551 12 10 40
3291 12 9 40
2651 13 9 40
1496 13 8 40
1389 1 18 41
123 1 17 41
4884 2 17 41
1950 3 17 41
2183 1 10 41
3457 3 16 41
1246 1 11 41
4084 3 15 41
1452 3 14 41
2563 3 13 41
4876 4 13 41
2637 9 12 41
5356 10 12 41
2532 13 17 41
2612 14 13 41
2726 8 5 41
4023 9 15 42
3304 16 19 42
2098 16 18 42
2521 14 17 42
3376 15 18 42
3787 0 4 42
907 15 17 42
1044 1 5 42
2005 17 9 42
4667 16 9 42
603 2 9 43
5383 2 10 43
3293 2 11 43
237 3 11 43
1305 3 12 43
798 4 12 43
1953 6 16 43
5250 6 17 43
2333 6 18 43
4080 8 14 43
5018 9 17 43
5251 14 16 43
3902 15 16 43
363 15 15 43
3573 3 0 43
4163 2 0 43
127 2 1 43
5222 2 2 43
1104 3 2 43
2190 4 2 43
4760 4 3 43
3889 4 4 43
2583 10 0 43
270 9 0 43
1261 9 1 43
2395 9 2 43
5043 11 6 43
3843 7 17 44
1276 7 18 44
5430 8 18 44
1634 9 18 44
2194 10 17 44
3812 12 17 44
2567 5 6 44
2037 5 5 44
1751 5 4 44
4365 6 5 44
3531 6 4 44
3340 7 4 44
1474 7 3 44
5281 8 3 44
1539 9 3 44
4319 10 3 44
476 15 2 44
259 8 11 45
4783 0 3 45
1893 13 13 45
1907 0 4 45
5483 0 5 45
223 12 8 45
1986 13 8 45
5258 16 2 45
2417 16 3 45
1090 10 4 45
595 11 4 45
718 6 19 46
2535 7 19 46
5279 8 19 46
4702 9 19 46
409 10 19 46
4020 13 18 46
2506 10 18 46
5311 12 18 46
5407 9 9 46
5271 8 9 46
407 15 6 46
4952 11 2 46
1418 13 1 46
5133 7 13 47
3511 10 13 47
863 0 7 47
2257 14 12 47
3213 14 11 47
5490 13 6 47
3356 0 10 48
1408 1 10 48
133 2 10 48
3723 2 11 48
4180 3 11 48
3994 3 12 48
2940 10 1 48
5083 9 1 48
2813 9 2 48
1054 17 5 48
1170 2 15 49
4060 4 10 49
1824 5 10 49
5300 5 11 49
3435 8 10 49
2318 8 11 49
1455 12 19 49
4743 11 19 49
3359 12 12 49
617 12 13 49
4008 19 3 49
76 19 4 49
3142 4 16 50
955 3 16 50
964 14 18 50
4555 13 18 50
4432 12 18 50
2966 0 2 50
2066 0 3 50
376 0 4 50
489 0 5 50
4919 0 6 50
2808 1 6 50
1833 2 6 50
1627 2 7 50
4124 3 7 50
4116 3 8 50
3840 6 6 50
609 4 8 50
638 5 8 50
2043 11 7 50
258 13 4 50
1721 1 15 51
3144 2 15 51
405 3 15 51
4915 3 14 51
3170 3 13 51
56 4 13 51
3319 4 12 51
4588 5 12 51
4982 7 11 51
498 11 12 51
1756 11 13 51
764 5 2 51
5199 4 6 51
1587 13 10 51
3194 4 5 51
562 18 7 51
215 18 8 51
2896 13 11 51
5090 14 11 51
1669 8 2 51
1210 13 3 51
1782 5 13 52
3042 6 13 52
3755 6 12 52
5144 11 11 52
2365 7 5 52
2918 6 5 52
393 11 10 52
1939 16 9 52
540 18 2 52
2773 18 3 52
2878 17 6 52
4047 16 6 52
4942 17 3 52
5 16 5 52
1839 11 0 52
816 7 15 53
4243 8 15 53
3143 9 13 53
2593 13 19 53
3638 13 18 53
4787 12 18 53
2312 11 18 53
1665 11 17 53
852 19 14 53
3907 5 1 53
977 18 14 53
3307 3 6 53
2587 18 12 53
2100 3 5 53
4035 19 10 53
1749 18 10 53
1735 8 1 53
3617 6 9 53
3529 18 9 53
626 6 1 53
2955 17 7 53
4534 17 9 53
3475 6 8 53
478 18 5 53
1564 5 0 54
5231 4 0 54
5182 4 1 54
3 4 2 54
5485 4 3 54
4894 10 10 54
4324 10 9 54
224 11 9 54
2026 12 9 54
1791 15 1 54
2000 14 3 54
5058 0 18 55
1064 1 19 55
3601 1 18 55
3508 5 17 55
802 1 17 55
1877 2 17 55
3836 4 17 55
1920 3 17 55
242 3 16 55
338 2 14 55
5417 3 15 55
3876 3 14 55
85 3 13 55
3217 4 13 55
1829 16 16 55
3866 15 16 55
3908 15 15 55
3214 19 7 55
4108 19 8 55
4519 18 8 55
4526 10 8 55
1047 17 8 55
3395 16 1 55
5484 11 1 55
1001 5 15 56
646 5 14 56
3039 7 14 56
4710 14 15 56
3898 0 1 56
2009 0 2 56
1166 0 3 56
3236 13 12 56
3653 6 0 56
3173 6 1 56
3309 7 9 56
5372 7 1 56
156 18 6 56
1070 16 7 56
2439 19 6 56
3327 7 2 56
2964 7 8 56
2507 19 5 56
1026 8 8 56
5106 16 8 56
486 13 9 56
3403 15 8 56
2933 19 4 56
2820 18 4 56
368 17 4 56
4961 16 4 56
389 17 2 56
5273 15 4 56
3635 17 1 56
2809 15 3 56
1572 15 2 56
2147 14 2 56
3185 13 2 56
1436 14 1 56
427 16 10 57
4887 8 4 57
5384 14 4 57
5088 14 6 57
247 11 3 57
3200 1 9 58
22 1 10 58
1160 2 10 58
1410 2 11 58
2108 3 11 58
11 3 12 58
5387 4 12 58
4478 12 10 58
5206 18 11 58
1624 12 11 58
2348 5 3 58
4656 13 11 58
4732 14 11 58
511 10 11 58
3280 7 7 58
1332 10 10 58
125 10 9 58
2276 10 8 58
601 19 0 58
436 0 13 59
3513 1 13 59
3923 2 13 59
1281 6 15 59
3468 6 14 59
1690 6 11 59
5292 19 19 59
4056 19 18 59
4620 18 18 59
490 18 17 59
4726 18 16 59
4077 15 13 59
3326 16 12 59
1593 15 9 59
2998 12 16 60
3880 3 1 60
3073 2 3 60
181 4 1 60
3027 4 2 60
5073 17 10 60
1407 4 3 60
3698 19 9 60
161 19 8 60
994 15 12 60
4642 18 8 60
5445 17 8 60
3329 9 8 60
4609 16 8 60
1654 15 8 60
3479 8 5 60
1886 15 5 60
4619 14 5 60
1723 13 5 60
841 1 12 61
2553 8 17 61
2308 8 16 61
4194 9 16 61
1152 12 15 61
768 14 13 61
2760 16 17 61
2064 16 16 61
2609 19 11 61
2757 19 15 61
3422 19 14 61
3425 19 12 61
761 19 13 61
32 18 14 61
416 16 13 61
1419 18 13 61
80 19 1 61
2297 18 1 61
2084 18 0 61
3792 17 0 61
4845 16 0 61
1021 15 0 61
91 14 0 61
2788 13 0 61
5461 13 16 62
4078 13 15 62
454 4 7 62
328 5 7 62
377 9 10 62
1115 10 10 62
5464 10 9 62
2303 10 8 62
1679 11 8 62
4329 12 8 62
4114 5 18 63
18 0 12 63
758 3 19 63
2344 5 17 63
575 3 18 63
4956 1 12 63
1694 4 17 63
1865 1 11 63
4836 0 0 63
5409 3 2 63
946 1 0 63
950 1 1 63
1164 10 0 63
3850 9 0 63
3610 8 0 63
275 8 1 63
1659 7 1 63
3743 7 2 63
2613 10 2 63
4548 10 12 64
5306 13 17 64
525 10 13 64
329 18 19 64
3004 19 17 64
2391 18 18 64
2848 18 17 64
1017 17 18 64
2872 17 17 64
533 17 16 64
139 17 15 64
1386 2 5 64
4059 7 4 64
4193 10 6 64
3958 2 18 65
2187 4 15 65
3269 15 19 65
375 14 19 65
132 13 19 65
2458 13 18 65
15 12 18 65
1265 11 18 65
1740 2 1 65
4013 2 2 65
3107 1 2 65
4158 1 7 65
2465 1 3 65
1852 11 2 65
3758 13 1 65
4136 0 19 66
1542 0 16 66
4739 0 9 66
1482 1 16 66
4977 1 9 66
818 1 10 66
1093 15 6 66
5072 15 5 66
4231 14 5 66
1506 13 5 66
95 2 19 67
640 1 19 67
3417 1 18 67
4380 1 17 67
2937 0 11 67
4764 2 17 67
4208 1 11 67
4541 3 17 67
5253 0 14 67
1842 1 14 67
2634 2 11 67
3206 2 12 67
5329 3 11 67
303 3 12 67
4985 5 9 67
3459 4 12 67
2206 5 10 67
355 6 10 67
4321 6 11 67
3805 16 15 67
5050 0 8 67
398 1 8 67
2869 2 8 67
729 3 8 67
1127 9 11 67
1565 9 9 67
4412 9 10 67
3851 8 9 67
2222 10 10 67
1888 10 9 67
3738 2 16 68
1106 3 16 68
3675 3 15 68
2408 3 14 68
2767 1 5 68
4394 19 3 68
297 19 2 68
876 19 1 68
3835 10 7 68
4363 18 1 68
2288 10 8 68
4866 18 0 68
5301 11 8 68
3024 12 8 68
3505 15 17 69
5359 16 17 69
4499 15 3 69
3244 15 2 69
3210 11 0 69
1977 0 15 70
1489 0 14 70
219 1 14 70
1142 1 13 70
2317 2 13 70
1425 3 13 70
3093 4 13 70
2960 5 13 70
3784 6 13 70
4351 5 6 70
1299 5 5 70
2694 18 7 70
1889 18 8 70
5493 8 2 70
4197 18 5 70
4050 17 5 70
935 17 1 70
1095 17 0 70
4897 16 0 70
2680 15 0 70
3018 14 0 70
124 14 1 70
3430 13 3 70
4527 14 2 70
2670 13 2 70
5078 14 16 71
1569 13 16 71
2595 13 17 71
1330 12 17 71
5260 3 0 71
766 2 0 71
3469 17 19 71
2874 2 1 71
1267 17 18 71
4711 2 2 71
73 14 12 71
5338 15 12 71
1282 6 9 71
660 17 7 71
4456 17 2 71
2782 17 3 71
2919 9 1 71
2570 9 2 71
2168 15 4 71
927 13 6 71
968 13 4 71
2674 4 9 72
2510 5 9 72
2932 5 10 72
1970 6 10 72
5223 6 11 72
1836 9 18 72
2803 9 17 72
3006 10 17 72
2771 0 7 72
1316 0 8 72
2653 6 6 72
159 5 6 72
1602 1 8 72
3662 2 8 72
226 4 6 72
3802 4 5 72
309 19 10 72
499 18 10 72
33 7 0 72
2729 18 9 72
2380 17 9 72
1414 17 8 72
5361 13 10 72
3328 19 4 72
4801 13 9 72
571 15 18 73
4832 5 2 73
4945 4 2 73
5460 3 2 73
871 2 2 73
2999 1 2 73
214 1 3 73
4624 1 4 73
4228 3 5 73
4593 2 4 73
2102 3 4 73
2167 18 2 73
1861 19 5 73
1483 4 4 73
83 18 3 73
2178 5 4 73
4503 19 6 73
600 16 7 73
5212 18 4 73
2261 18 6 73
4200 17 4 73
2279 17 6 73
2463 16 6 73
3720 11 5 73
4799 11 13 74
48 14 17 74
2514 15 17 74
1429 16 17 74
5436 18 15 74
1838 18 12 74
3160 16 9 74
2004 16 2 74
1941 16 8 74
1190 16 3 74
4699 15 8 74
3796 16 4 74
3025 16 5 74
1890 15 5 74
3728 14 5 74
5119 13 5 74
2356 13 0 74
2316 10 18 75
4640 19 16 75
3821 19 17 75
1463 18 14 75
3184 16 13 75
3688 13 12 75
5252 14 12 75
1480 15 12 75
2850 7 9 75
2132 6 0 75
13 6 1 75
3443 11 10 75
3584 7 1 75
1876 10 10 75
287 10 9 75
805 7 2 75
696 10 8 75
926 11 8 75
3969 11 7 75
3855 14 3 75
2407 0 17 76
610 1 17 76
3770 2 17 76
1195 6 16 76
833 6 17 76
4105 6 18 76
2579 6 19 76
4488 7 19 76
406 12 19 76
3948 3 3 76
679 3 4 76
4758 4 4 76
3381 5 4 76
299 11 12 77
2786 0 1 77
1680 0 2 77
2041 12 12 77
2804 0 3 77
143 12 13 77
3462 0 4 77
1066 14 15 77
4690 0 5 77
2170 2 7 77
4480 6 5 77
5239 14 10 77
315 10 1 77
5471 13 8 77
279 5 19 78
1803 5 18 78
31 5 17 78
2210 7 10 78
1018 7 11 78
4676 16 18 78
803 16 17 78
3248 15 13 78
2562 17 17 78
340 17 11 78
344 12 9 78
5431 13 9 78
1390 4 18 79
865 4 17 79
3085 3 17 79
3119 5 13 79
2931 6 13 79
3364 9 12 79
536 8 18 79
1229 19 19 79
2546 19 18 79
4607 19 17 79
2554 18 17 79
313 19 15 79
4718 19 11 79
3844 18 16 79
1258 19 14 79
2624 19 12 79
4309 19 13 79
2385 18 13 79
5140 7 7 79
4360 19 0 79
1135 18 0 79
4386 17 0 79
2599 16 0 79
4039 15 0 79
1769 2 9 80
3913 1 9 80
4824 4 11 80
1043 7 16 80
4491 5 11 80
50 6 16 80
5458 6 17 80
5472 8 10 80
1511 6 18 80
1534 8 11 80
973 6 19 80
4730 7 19 80
1221 8 19 80
4849 9 19 80
3480 10 19 80
4562 11 19 80
2798 11 18 80
182 11 17 80
1400 13 13 80
5149 10 11 80
3147 8 1 80
5265 11 9 80
749 9 6 80
665 10 2 80
1997 9 4 80
5025 16 1 80
2945 15 1 80
3104 14 1 80
4634 14 2 80
4199 13 2 80
2339 11 1 80
2894 1 15 81
1985 2 15 81
1677 1 0 81
5457 1 1 81
4816 1 7 81
1773 16 16 81
1793 17 16 81
4545 17 15 81
3528 8 0 81
4470 10 0 81
1486 9 0 81
2541 9 1 81
1467 9 2 81
151 11 2 81
5276 5 16 82
2258 5 17 82
1369 4 17 82
1633 3 17 82
1954 12 11 82
3016 5 1 82
4882 5 2 82
1049 19 4 82
1708 18 4 82
2555 17 4 82
4907 16 4 82
4804 16 5 82
5161 15 5 82
2481 14 5 82
4371 13 5 82
3089 0 10 83
1339 1 12 83
5347 1 10 83
2180 3 9 83
735 1 11 83
4117 2 11 83
849 8 14 83
1724 0 0 83
3544 0 1 83
1313 0 2 83
2806 0 3 83
3830 0 4 83
4086 0 5 83
4141 0 6 83
3246 1 6 83
4029 2 6 83
2648 3 6 83
2355 3 7 83
1176 19 8 83
4682 19 7 83
2105 18 7 83
559 9 10 83
2826 9 8 83
5298 10 10 83
694 10 9 83
4530 7 6 83
3361 10 8 83
2003 11 8 83
3706 11 7 83
1314 4 10 84
1287 3 10 84
4735 3 11 84
3378 3 12 84
4095 8 12 84
5418 18 11 84
2486 14 13 84
1185 19 11 84
2622 19 12 84
2293 19 13 84
4411 18 13 84
1533 12 10 84
4772 13 10 84
3684 4 7 84
3896 5 7 84
5107 13 11 84
5295 14 11 84
2122 9 9 84
1731 8 9 84
5413 13 3 84
3449 4 14 85
2655 6 15 85
423 6 14 85
943 7 14 85
1917 11 14 85
1186 12 14 85
4714 15 15 85
5432 19 10 85
4479 19 9 85
1930 18 10 85
3225 4 3 85
707 18 9 85
3987 7 0 85
4833 8 0 85
807 9 0 85
5320 9 1 85
4042 9 2 85
3525 11 3 85
199 14 0 85
767 0 13 86
5422 1 13 86
885 2 13 86
1081 8 15 86
3118 8 16 86
1088 9 16 86
5456 17 10 86
434 17 9 86
3797 17 8 86
39 17 7 86
369 2 5 87
2353 2 6 87
4081 4 0 87
4296 6 6 87
2646 4 1 87
3963 5 6 87
2130 3 6 87
110 4 6 87
2822 4 5 87
2107 4 4 87
3242 17 6 87
3677 16 6 87
3646 6 3 87
594 7 3 87
4032 12 8 87
1530 13 7 87
1138 12 7 87
1031 11 5 87
4520 13 4 87
206 7 17 88
12 7 18 88
2205 16 19 88
5127 7 19 88
3437 15 19 88
2529 14 19 88
4392 8 19 88
1715 13 19 88
2705 14 18 88
4242 9 19 88
1825 13 18 88
1895 10 19 88
2401 12 18 88
1468 11 19 88
3774 11 18 88
2366 11 17 88
3453 18 19 88
3806 18 18 88
2028 15 16 88
552 15 15 88
2230 16 15 88
4366 0 7 88
2260 0 8 88
4475 1 8 88
4615 2 8 88
4094 3 8 88
3481 5 0 88
3659 4 8 88
2503 19 6 88
4750 5 8 88
4839 9 11 88
1512 18 6 88
4944 9 10 88
3730 10 10 88
1471 10 9 88
5247 15 4 88
1864 10 8 88
1517 10 7 88
464 17 3 88
3575 10 6 88
4406 17 2 88
3582 4 19 89
5042 3 19 89
2791 3 18 89
4645 0 12 89
3286 3 17 89
3337 1 12 89
5302 1 11 89
2718 2 11 89
808 3 11 89
1649 7 15 89
688 8 15 89
1626 9 15 89
1433 11 11 89
4167 12 11 89
4865 13 11 89
2118 6 9 89
4339 14 11 89
3409 18 8 89
3925 19 5 89
3066 18 5 89
4142 17 8 89
2038 17 7 89
5496 17 5 89
1966 16 7 89
2886 16 5 89
192 7 5 89
2025 15 5 89
1630 15 7 89
3155 18 3 89
1689 19 1 89
5332 9 3 89
1674 10 3 89
4672 4 16 90
1366 3 16 90
3960 3 15 90
1772 3 14 90
5435 9 18 90
2657 9 17 90
2892 10 17 90
4255 6 7 90
3056 6 8 90
1623 7 8 90
2754 8 8 90
310 8 7 90
740 14 3 90
42 19 3 90
5203 14 4 90
1567 19 2 90
1728 18 2 90
5130 18 1 90
4587 5 15 91
2141 5 14 91
3660 6 14 91
4663 7 14 91
2497 17 19 91
860 17 18 91
3325 18 18 91
5473 18 17 91
1345 18 16 91
3391 17 16 91
3998 2 0 91
508 17 15 91
4949 2 1 91
5226 2 4 91
1334 3 5 91
3162 4 5 91
4934 5 5 91
5446 15 6 91
1056 1 13 92
4920 1 5 92
3412 11 10 92
26 1 4 92
3068 1 3 92
2690 11 11 92
2489 2 3 92
3956 12 11 92
2968 13 11 92
5305 14 11 92
2969 11 7 92
3954 13 0 92
1358 0 16 93
2372 0 9 93
4485 12 17 93
1801 11 17 93
4741 3 0 93
2787 3 1 93
769 4 1 93
961 5 1 93
296 6 0 93
445 5 2 93
1262 6 1 93
446 7 1 93
4992 7 6 93
5131 14 9 93
1755 15 4 93
4439 11 8 93
3975 14 4 93
5455 15 0 93
2854 11 0 93
470 1 2 94
3827 2 2 94
89 16 11 94
3234 7 9 94
1859 9 8 94
353 6 2 94
5022 13 9 94
751 7 2 94
954 13 8 94
3945 14 8 94
2387 10 1 94
3014 9 5 94
4990 10 2 94
1979 10 3 94
5498 16 0 94
218 14 2 94
2273 13 2 94
5423 11 1 94
1277 0 11 95
1513 0 10 95
2431 1 10 95
883 2 10 95
1193 4 9 95
171 2 11 95
585 5 9 95
1466 2 12 95
2478 5 10 95
3341 3 12 95
888 6 10 95
4156 6 11 95
1922 11 15 95
3961 0 6 95
1338 1 6 95
4216 1 5 95
4970 3 7 95
4385 17 11 95
971 13 12 95
3560 14 12 95
5480 19 8 95
1968 3 2 95
4761 19 7 95
250 9 11 95
49 9 10 95
5224 18 7 95
262 12 9 95
172 11 9 95
721 7 7 95
410 17 7 95
1808 16 7 95
985 16 3 95
4696 9 6 95
450 17 3 95
