763800
1996
1303 0 6 1
5207 1 6 1
2170 0 7 1
502 1 7 1
1674 2 6 1
3220 0 8 1
1721 3 6 1
1055 2 7 1
4061 1 8 1
938 0 19 1
1183 0 9 1
3196 4 6 1
471 0 10 1
4881 1 19 1
2924 2 8 1
2397 0 18 1
4647 1 9 1
3901 3 7 1
217 0 17 1
1831 2 19 1
2819 1 10 1
1126 2 9 1
1676 1 18 1
3261 3 8 1
2779 4 7 1
5290 0 11 1
2159 1 17 1
4635 19 19 1
3693 2 10 1
4612 2 18 1
2536 3 9 1
3674 3 19 1
2909 4 8 1
3284 1 11 1
87 0 12 1
1728 0 16 1
2820 0 13 1
3471 2 11 1
1502 19 18 1
2217 3 10 1
949 2 17 1
1694 4 9 1
3747 0 15 1
3331 3 18 1
1524 4 19 1
1479 1 12 1
570 1 16 1
2431 18 19 1
3491 4 18 1
1507 2 16 1
3820 17 19 1
1541 0 14 1
334 3 11 1
30 2 12 1
760 19 17 1
492 4 10 1
569 3 17 1
4876 18 18 1
2628 5 19 1
2630 1 15 1
285 1 13 1
2326 3 12 1
965 4 11 1
5244 3 16 1
3275 6 19 1
699 18 17 1
2223 1 14 1
4509 4 17 1
5251 2 15 1
250 2 13 1
3081 19 16 1
4710 17 18 1
162 16 19 1
2513 5 10 1
2978 5 18 1
353 17 17 1
3761 5 11 1
665 7 19 1
1579 15 19 1
610 16 18 1
3622 5 17 1
4803 4 12 1
1477 6 10 1
3327 6 18 1
4571 4 16 1
2908 2 14 1
3896 18 16 1
3352 3 15 1
3132 3 13 1
234 19 15 1
651 4 15 1
164 16 17 1
2550 5 16 1
2786 6 11 1
4875 14 19 1
2503 17 16 1
3346 6 17 1
246 15 18 1
2672 7 18 1
1629 4 13 1
2238 8 19 1
1283 3 14 1
1893 18 15 1
3530 5 12 1
5043 17 15 1
2311 5 13 1
1885 6 12 1
5420 5 15 1
1117 16 16 1
2795 8 18 1
683 13 19 1
1861 6 16 1
3729 9 19 1
5310 14 18 1
35 15 17 1
3106 4 14 1
4099 7 17 1
238 6 13 1
847 6 15 1
4000 10 19 1
5324 16 15 1
1773 14 17 1
3506 8 17 1
1048 15 16 1
4380 7 16 1
5331 12 19 1
3191 13 18 1
3470 9 18 1
2772 5 14 1
2657 6 14 1
3912 12 18 1
2381 11 19 1
4145 8 16 1
2759 9 17 1
4512 15 15 1
1640 10 18 1
912 13 17 1
5498 14 16 1
5368 7 15 1
3696 11 18 1
3704 14 15 1
1719 10 17 1
3353 7 14 1
2666 12 17 1
446 8 15 1
3340 9 16 1
3991 13 16 1
5215 19 14 1
890 8 14 1
4550 12 16 1
1398 9 15 1
2966 11 17 1
4330 10 16 1
4834 13 15 1
4422 18 14 1
4731 14 14 1
4377 7 13 1
3854 19 13 1
245 7 12 1
3355 18 13 1
4267 10 15 1
5438 11 16 1
4929 12 15 1
2140 19 12 1
4732 9 14 1
4733 13 14 1
3272 17 14 1
420 14 13 1
4898 0 5 1
1743 8 13 1
4865 19 11 1
1984 9 13 1
1451 5 9 1
4154 13 13 1
5042 12 14 1
5452 17 13 1
867 18 12 1
645 1 5 1
2146 11 15 1
4564 10 14 1
5179 7 11 1
4639 0 4 1
2893 16 14 1
1335 8 12 1
1268 7 10 1
1692 10 13 1
1818 19 10 1
3575 8 11 1
5335 12 13 1
4987 18 11 1
889 2 5 1
2896 5 8 1
4465 0 3 1
1461 11 14 1
104 9 12 1
3537 15 14 1
1823 16 13 1
3581 1 4 1
3766 17 12 1
4136 6 9 1
2433 17 11 1
4985 11 13 1
1616 8 10 1
1564 3 5 1
1472 19 9 1
4292 0 2 1
1333 1 3 1
5382 10 12 1
2315 6 8 1
3118 16 12 1
5494 7 9 1
3316 15 13 1
1906 18 10 1
2894 2 4 1
2136 5 7 1
920 9 11 1
3898 17 10 1
4671 16 11 1
486 15 12 1
5483 18 9 1
1140 19 8 1
5004 0 1 1
319 11 12 1
3931 3 4 1
5162 6 7 1
4708 5 6 1
4863 10 11 1
524 7 8 1
4749 4 5 1
2563 8 9 1
1184 2 3 1
6 1 2 1
3814 9 10 1
4209 14 12 1
2898 5 5 1
5001 8 8 1
3399 9 9 1
3937 16 10 1
3567 7 7 1
1807 12 12 1
370 17 9 1
575 6 6 1
4088 15 11 1
3717 18 8 1
1031 4 4 1
3211 19 7 1
2809 3 3 1
5196 2 2 1
1554 1 1 1
3985 0 0 1
3878 11 11 1
5057 10 10 1
4111 3 2 1
4998 11 10 1
2717 19 6 1
1560 14 11 1
1603 4 3 1
1298 9 8 1
5017 8 7 1
4369 13 12 1
3738 18 7 1
2178 5 4 1
3868 10 9 1
3826 15 10 1
2708 12 11 1
1964 7 6 1
327 2 1 1
1217 6 5 1
4968 16 9 1
536 17 8 1
828 1 0 1
2724 5 3 1
1071 7 5 1
1116 14 10 1
3894 16 8 1
781 17 7 1
153 8 6 1
4006 10 8 1
4458 18 6 1
5340 6 4 1
2452 4 2 1
5121 15 9 1
3448 11 9 1
2766 2 0 1
3665 3 1 1
488 12 10 1
1246 13 11 1
257 9 7 1
137 16 7 1
3409 6 3 1
5201 8 5 1
1376 11 8 1
4482 10 7 1
3702 3 0 1
2816 15 8 1
1076 4 1 1
3006 13 10 1
516 5 2 1
3799 14 9 1
5343 17 6 1
5473 9 6 1
2595 7 4 1
4634 12 9 1
1598 4 0 1
5395 6 2 1
1727 11 7 1
4588 8 4 1
1309 9 5 1
1636 5 1 1
2807 10 6 1
926 15 7 1
1474 7 3 1
4843 16 6 1
4930 14 8 1
1064 13 9 1
397 12 8 1
5082 11 6 1
2590 9 4 1
4984 7 2 1
3577 10 5 1
698 6 1 1
2642 8 3 1
1063 14 7 1
2859 15 6 1
364 13 8 1
1594 12 7 1
1936 5 0 1
3282 7 1 1
358 14 6 1
2537 12 6 1
4058 9 3 1
5094 10 4 1
1405 13 7 1
5218 11 5 1
2501 6 0 1
8 8 2 1
262 7 0 1
2442 11 4 1
506 10 3 1
5011 12 5 1
2406 9 2 1
884 8 1 1
1587 13 6 1
1630 8 0 1
3300 12 4 1
3844 9 1 1
4204 11 3 1
4854 13 5 1
2999 10 2 1
2838 13 4 1
908 12 3 1
1777 9 0 1
1102 11 2 1
4787 10 1 1
4326 14 5 1
2201 13 3 1
4008 12 2 1
1566 11 1 1
1362 15 5 1
1746 10 0 1
3093 14 4 1
3627 12 1 1
877 11 0 1
1104 14 3 1
1381 15 4 1
1915 13 2 1
4555 16 5 1
1685 19 5 1
5153 13 1 1
4590 12 0 1
4275 14 2 1
4966 17 5 1
385 16 4 1
4557 15 3 1
5058 15 2 1
1322 18 5 1
190 13 0 1
934 17 4 1
89 16 3 1
3010 14 1 1
4519 19 4 1
4203 15 1 1
5365 17 3 1
276 16 2 1
621 14 0 1
2760 19 3 1
1877 18 4 1
2507 19 2 1
2036 16 1 1
1537 18 3 1
625 15 0 1
873 17 2 1
4700 16 0 1
3484 19 1 1
222 18 2 1
3773 17 1 1
235 19 0 1
4893 18 1 1
5461 17 0 1
5144 18 0 1
2654 17 1 5
1233 18 2 5
5032 18 1 5
3523 18 4 6
2607 17 2 6
4728 18 3 6
534 14 0 6
3862 15 0 6
3441 17 3 7
3585 14 1 7
4580 16 3 7
2870 19 4 7
1742 15 1 7
2614 19 3 7
3343 19 2 7
3252 19 1 7
3831 19 0 7
3883 10 0 8
4243 19 5 8
5224 11 0 8
769 18 5 8
3560 11 1 8
4754 12 0 8
4453 17 5 8
2856 13 0 8
1101 17 4 8
2220 16 5 8
1384 12 1 8
4067 14 4 8
592 15 5 8
4839 16 4 8
5051 13 1 8
1039 15 4 8
21 14 3 8
2067 15 3 8
4299 8 1 9
5187 8 2 9
1991 11 5 9
789 10 3 9
3860 12 5 9
1517 11 4 9
752 14 5 9
4855 10 1 9
4532 11 3 9
1650 12 4 9
4841 12 3 9
983 5 0 10
1122 6 1 10
2850 6 0 10
4913 10 5 10
2243 10 4 10
4735 8 3 10
961 14 7 10
1082 9 4 10
1226 13 8 10
3341 12 7 10
4011 13 7 10
289 9 3 10
413 12 8 11
2939 8 4 11
1029 12 9 11
5128 7 4 11
4168 7 3 11
2783 11 7 11
2297 3 1 12
16 5 1 12
3065 6 4 12
3572 12 10 12
1294 6 3 12
2016 11 9 12
834 8 5 12
489 11 8 12
1562 14 8 12
5281 10 8 12
1375 9 5 12
815 16 7 12
902 10 9 13
4617 2 1 13
2129 10 10 13
1561 11 10 13
2420 11 11 13
3107 13 12 13
355 5 4 13
287 5 3 13
1669 13 10 13
2963 13 9 13
4906 19 6 13
5277 14 9 13
607 16 9 13
4545 18 6 13
5342 16 8 13
2013 1 1 14
2317 4 4 14
1945 4 3 14
5217 14 12 14
5150 18 8 14
4163 16 10 14
3451 14 10 14
2716 7 5 14
4370 8 8 14
3226 15 1 14
1083 0 1 15
5352 0 0 15
2390 1 0 15
3048 2 0 15
1034 1 2 15
4160 2 3 15
1222 3 0 15
4584 3 4 15
4624 4 0 15
4100 3 3 15
4116 2 2 15
4682 4 1 15
1967 10 11 15
5478 3 2 15
3485 9 11 15
273 5 7 15
2558 4 2 15
2502 15 12 15
2541 16 11 15
3847 17 10 15
931 19 8 15
120 9 10 15
2916 6 7 15
2002 5 2 15
1124 5 6 15
1983 7 8 15
714 19 7 15
855 6 2 15
646 7 7 15
4722 8 7 15
3955 7 2 15
4092 18 7 15
4769 7 1 15
4641 7 0 15
753 8 0 15
484 9 0 15
1755 9 1 15
5454 9 2 15
784 10 2 15
993 11 2 15
3155 12 2 15
4489 16 3 15
2379 19 4 15
3215 15 2 15
3480 0 2 16
2706 0 3 16
1535 15 14 16
4778 1 3 16
1385 15 13 16
4033 1 4 16
1971 11 14 16
4743 9 12 16
5443 16 13 16
5259 2 4 16
4004 10 12 16
738 16 12 16
4394 5 8 16
4366 6 8 16
2942 19 9 16
963 8 10 16
3967 18 4 16
359 17 2 16
2103 18 3 16
608 16 2 16
1088 19 3 16
3025 16 1 16
1928 19 2 16
4957 19 1 16
530 19 0 16
1388 11 15 17
1128 9 14 17
2641 12 15 17
3610 13 14 17
1975 9 13 17
1664 10 14 17
2511 12 14 17
2980 16 14 17
3249 0 4 17
274 17 14 17
882 10 13 17
5173 0 5 17
4990 17 13 17
2458 1 5 17
4475 17 12 17
4766 19 12 17
5441 2 5 17
4306 19 11 17
1087 5 9 17
3054 17 11 17
927 3 5 17
4910 4 5 17
4675 6 9 17
5208 19 10 17
4935 5 5 17
4389 6 5 17
5059 6 6 17
4216 7 6 17
4201 8 6 17
3701 9 6 17
3755 17 1 17
3477 18 2 17
3763 18 1 17
4017 13 15 18
5067 13 16 18
189 12 16 18
5379 11 17 18
3917 11 16 18
5165 10 16 18
2658 10 15 18
4095 19 14 18
3889 18 14 18
1551 8 12 18
1707 19 13 18
2116 18 13 18
4310 8 11 18
2263 18 12 18
1394 18 11 18
4461 18 10 18
4410 18 9 18
880 17 9 18
3746 17 8 18
3614 17 7 18
4468 17 6 18
423 16 6 18
3680 13 17 19
3110 12 17 19
1894 13 18 19
283 11 19 19
5100 10 17 19
76 15 15 19
2298 9 15 19
4613 8 14 19
1898 8 13 19
1762 13 19 20
1889 12 19 20
3909 12 18 20
37 11 18 20
495 10 19 20
2727 15 17 20
3359 9 19 20
4619 10 18 20
2336 9 18 20
790 9 17 20
5296 9 16 20
1012 5 13 20
5448 7 17 20
1949 5 15 20
4113 8 15 20
3452 6 15 20
3248 14 19 21
3421 15 18 21
691 16 15 21
1769 14 18 21
2373 14 17 21
4772 8 19 21
466 4 13 21
3413 5 16 21
2653 19 15 22
301 18 15 22
2293 17 15 22
654 3 13 22
3804 8 18 22
3291 5 17 22
3043 6 10 22
2322 3 15 22
1851 8 17 22
2141 6 11 22
4773 8 16 22
5434 15 19 23
5346 19 16 23
3552 18 17 23
2257 16 19 23
2798 18 16 23
3840 17 17 23
4511 17 16 23
599 7 19 23
552 2 13 23
3934 7 18 23
3350 5 10 23
4429 5 18 23
5367 2 15 23
264 5 11 23
2175 1 13 24
821 1 15 24
974 3 17 24
2069 4 10 24
1776 5 19 24
1799 6 19 24
3302 6 18 24
1175 6 17 24
194 6 16 24
1110 7 16 24
3150 7 15 24
5267 9 3 24
3395 19 17 25
4053 18 19 25
2671 18 17 25
3158 18 18 25
5370 17 19 25
3493 3 11 25
5337 16 3 25
1836 15 2 25
1349 13 1 25
3725 19 4 25
3521 19 3 25
4341 19 2 25
1954 18 2 25
2959 18 1 25
2540 1 12 26
1242 1 16 26
3556 15 5 26
1215 12 3 26
2441 15 3 26
3256 13 3 26
3240 0 15 27
2663 4 19 27
1858 4 9 27
4130 3 18 27
5171 2 17 27
2251 2 16 27
603 4 18 27
5111 4 17 27
2611 3 16 27
4378 4 16 27
5419 4 15 27
4212 12 7 27
200 13 8 27
1953 13 7 27
4923 12 1 27
1412 19 18 28
5313 3 10 28
55 5 6 28
985 7 8 28
4121 19 8 28
2290 19 7 28
3031 18 7 28
2252 16 8 28
1060 17 7 28
4819 11 3 28
3156 12 4 28
711 0 12 29
3774 0 16 29
1881 0 13 29
1622 0 15 29
5091 0 14 29
903 1 14 29
4794 2 14 29
3690 3 14 29
3326 16 11 29
748 19 6 29
2854 18 6 29
3370 17 6 29
124 16 6 29
5404 9 4 29
4141 10 1 29
2577 17 1 29
3732 19 10 30
105 18 10 30
5203 5 7 30
1036 15 12 30
5362 6 7 30
2388 7 7 30
4393 13 9 30
818 14 9 30
2646 8 7 30
5112 8 3 30
3088 14 7 30
304 9 3 30
3053 12 0 30
3615 13 0 30
3924 19 19 31
2514 19 18 31
1779 18 18 31
2133 17 18 31
80 2 10 31
3251 16 18 31
1426 3 19 31
5071 3 9 31
1816 16 17 31
4799 16 16 31
4149 15 16 31
5356 14 16 31
4375 14 15 31
3121 14 14 31
3779 14 13 31
3546 13 13 31
3650 12 13 31
2173 11 13 31
4869 11 12 31
2576 12 12 31
43 3 5 31
3377 12 11 31
677 13 10 31
2324 5 4 31
2191 5 3 31
3557 14 8 31
2417 9 5 31
772 9 7 31
2911 16 7 31
4892 18 5 31
3524 17 5 31
4018 17 4 31
4973 16 4 31
566 15 4 31
292 14 5 31
3466 19 1 31
3076 19 0 31
2593 1 17 32
309 2 17 32
1639 0 11 32
64 4 7 32
5185 1 11 32
722 5 9 32
5188 13 12 32
2494 13 11 32
2077 14 11 32
4851 15 11 32
5222 15 10 32
3948 10 4 32
3378 10 5 32
718 14 0 32
3166 15 0 32
3605 3 8 33
4603 4 8 33
5418 19 12 33
3460 2 2 33
623 19 11 33
644 3 3 33
4677 3 2 33
1513 18 11 33
469 17 8 33
5145 11 8 33
3737 11 0 33
775 11 1 33
2747 1 5 34
4484 4 0 34
3980 7 10 34
4358 4 1 34
135 19 9 34
1328 8 10 34
404 8 8 34
4080 8 5 34
4462 6 0 34
2276 18 4 34
4920 18 3 34
5424 18 2 34
2446 17 2 34
3276 16 2 34
1026 1 10 35
5170 2 9 35
5332 1 11 35
2931 2 11 35
5496 2 12 35
4401 3 12 35
689 19 13 35
3965 5 8 35
4806 3 4 35
4437 7 11 35
1271 11 11 35
5347 6 8 35
1224 10 11 35
3996 6 9 35
2510 7 9 35
5209 8 9 35
185 7 4 35
4744 6 6 35
204 7 3 35
3095 11 7 35
5445 0 17 36
2456 1 17 36
1185 3 7 36
5198 2 19 36
3324 3 8 36
1969 6 15 36
3927 19 14 36
925 18 14 36
1007 18 13 36
3071 16 12 36
3851 18 12 36
3415 11 10 36
745 10 10 36
3133 16 10 36
388 7 2 36
3760 10 3 36
5075 12 5 36
5391 0 5 37
4332 2 4 37
612 1 5 37
1698 2 1 37
3219 2 2 37
628 8 11 37
5118 3 2 37
3022 18 8 37
1480 4 2 37
1571 18 9 37
1049 5 2 37
1493 1 9 38
1819 0 18 38
3667 5 15 38
723 11 14 38
112 11 9 38
1276 12 9 38
1141 13 9 38
3565 1 19 39
1302 2 8 39
3688 1 18 39
1437 2 18 39
280 3 18 39
215 4 18 39
3700 4 17 39
2626 15 13 39
5390 16 13 39
3788 6 3 39
515 6 2 39
778 6 1 39
2438 7 1 39
4117 10 15 40
3038 6 12 40
2034 8 16 40
3792 9 15 40
2757 8 15 40
1324 6 13 40
4381 17 14 40
1862 17 13 40
2001 17 12 40
4002 17 11 40
3034 17 10 40
725 19 5 40
1955 18 5 40
3787 18 4 40
2977 18 3 40
4052 18 2 40
1331 17 2 40
1585 16 2 40
3813 19 1 40
2569 19 0 40
4562 0 10 41
3157 4 6 41
5038 1 10 41
3949 4 7 41
586 3 7 41
3933 3 8 41
258 5 16 41
2704 4 13 41
372 1 2 41
4561 2 3 41
4982 0 4 41
1149 1 3 41
3997 8 13 41
296 6 4 41
5300 12 10 41
5030 13 10 41
4866 14 5 41
5035 15 15 42
661 8 14 42
4882 14 12 42
448 14 11 42
147 14 10 42
2142 15 10 42
3019 11 5 42
2709 0 9 43
4633 8 19 43
1260 7 18 43
3109 15 14 43
3269 16 14 43
2180 17 14 43
3620 17 13 43
2273 17 12 43
2828 17 11 43
4235 17 10 43
3045 17 9 43
1216 16 9 43
5328 15 9 43
3120 15 8 43
131 0 19 44
1704 1 19 44
3092 1 18 44
1067 11 19 44
3706 2 18 44
2328 10 19 44
940 5 18 44
1973 3 18 44
88 4 18 44
4758 4 17 44
1252 4 11 44
5202 2 15 44
2932 4 16 44
4445 3 15 44
741 4 15 44
3686 4 14 44
2610 1 0 44
2347 2 0 44
4335 17 5 44
1332 8 2 44
5319 17 4 44
3739 16 4 44
5172 15 4 44
1174 16 0 44
4138 1 8 45
2483 2 7 45
2695 1 9 45
1859 11 16 45
1459 2 9 45
986 13 18 45
613 14 18 45
1678 6 10 45
3476 6 17 45
4791 6 16 45
991 0 3 45
2344 12 14 45
3772 1 3 45
4632 1 4 45
1752 10 14 45
2350 1 5 45
4051 2 5 45
4042 10 1 45
2087 14 4 45
1708 15 3 45
1994 14 3 45
3643 17 0 45
1406 3 6 46
2951 3 7 46
5460 3 8 46
5039 9 16 46
195 3 9 46
5036 10 16 46
4713 2 13 46
150 4 9 46
4391 2 12 46
1261 4 10 46
1360 5 10 46
3713 16 15 46
4606 6 18 46
4725 15 15 46
5029 5 11 46
4479 8 17 46
5231 10 12 46
4636 10 8 46
5260 14 8 46
4010 16 7 46
676 9 19 47
1231 15 17 47
631 10 18 47
3468 0 0 47
1106 12 11 47
721 1 0 47
3837 6 3 47
3313 6 4 47
1522 2 0 47
2711 3 0 47
4093 4 0 47
4192 19 6 47
3336 18 6 47
517 12 4 47
3956 5 19 48
3453 6 19 48
4981 7 19 48
3654 12 12 48
69 11 12 48
751 4 3 48
1997 12 8 48
3716 5 3 48
3372 12 9 48
2341 5 4 48
3569 12 10 48
4598 13 10 48
4457 10 9 48
312 8 4 48
1291 14 10 48
3096 13 0 48
3303 9 4 48
2853 15 10 48
2964 12 0 48
4272 9 5 48
2021 11 0 48
2340 10 0 48
2308 19 4 48
1208 19 3 48
2028 19 2 48
746 19 1 48
2834 12 16 49
206 11 16 49
3590 11 17 49
3978 16 17 49
4793 10 17 49
1654 9 17 49
2848 9 18 49
5132 8 18 49
1655 7 18 49
4608 0 2 49
2860 14 13 49
4015 0 3 49
5371 1 3 49
5097 1 4 49
313 1 5 49
84 2 5 49
2649 4 4 49
793 3 5 49
4948 16 11 49
210 4 5 49
2081 17 11 49
4821 5 5 49
415 17 10 49
1178 6 5 49
3267 7 5 49
2387 17 9 49
2545 7 6 49
3986 8 6 49
1497 9 6 49
798 8 3 49
3298 14 7 49
2066 9 3 49
1532 11 3 49
2499 12 3 49
1729 13 1 49
4538 14 1 49
541 18 15 50
3712 12 19 50
4115 17 15 50
2629 3 11 50
2904 5 1 50
3027 12 5 50
1273 10 3 50
1597 16 3 50
837 15 3 50
269 3 19 51
4726 3 18 51
4830 3 17 51
2805 4 17 51
2309 5 17 51
3806 6 17 51
626 7 17 51
1250 7 16 51
141 7 15 51
4958 1 1 51
4587 1 0 51
640 2 0 51
3405 6 7 51
1448 16 10 51
2555 7 7 51
4664 8 7 51
191 16 9 51
5190 16 8 51
4656 12 1 51
3314 0 8 52
532 2 6 52
2134 1 8 52
92 12 15 52
4444 3 6 52
4270 0 14 52
4774 12 16 52
1022 3 7 52
2732 1 9 52
2899 2 9 52
4040 3 8 52
2183 12 17 52
2714 3 9 52
2703 12 18 52
823 15 18 52
3630 13 18 52
1491 4 9 52
3520 14 18 52
5093 4 10 52
2575 5 10 52
3490 14 17 52
4692 5 11 52
4324 15 12 52
1481 14 12 52
405 19 7 52
2852 13 8 52
4337 13 7 52
5079 14 0 52
507 15 0 52
2429 19 15 53
1068 18 15 53
4302 13 17 53
2755 13 16 53
1415 13 15 53
1278 9 14 53
4642 11 10 53
4062 3 1 53
3414 10 10 53
33 3 0 53
5018 6 6 53
5230 4 0 53
2358 7 6 53
1325 10 4 53
1171 10 5 53
4108 8 1 53
1771 11 6 53
23 0 15 54
418 1 15 54
3511 1 14 54
3171 19 16 54
2741 2 14 54
487 18 16 54
1024 5 7 54
5021 15 11 54
2954 6 7 54
1747 7 7 54
4317 8 7 54
4528 11 1 54
1353 15 5 54
3444 15 19 55
3422 16 19 55
449 18 17 55
4997 18 12 55
1281 18 9 55
3231 19 8 55
1212 8 5 55
5040 19 7 55
1197 8 6 55
3669 9 6 55
2041 18 7 55
1837 17 7 55
3082 10 6 55
2174 7 4 55
2461 17 6 55
730 11 8 55
5501 7 3 55
907 16 6 55
3684 7 2 55
3125 8 2 55
2749 19 0 55
3032 18 19 56
1737 17 19 56
643 16 18 56
4102 17 18 56
2277 17 17 56
5394 16 12 56
1570 13 12 56
1043 7 8 56
3750 18 11 56
5027 13 11 56
3544 14 11 56
3075 14 10 56
3193 14 9 56
2775 1 7 57
1334 1 13 57
546 6 8 57
3091 11 11 57
2321 10 11 57
2296 18 8 57
4279 17 8 57
2728 16 4 57
2715 15 4 57
3020 15 3 57
1293 15 1 57
3964 16 0 57
4383 17 2 57
841 2 10 58
4674 1 16 58
4463 1 15 58
5274 3 12 58
807 4 12 58
785 3 13 58
2076 19 14 58
3479 18 14 58
4219 7 11 58
1677 3 4 58
4390 17 14 58
2209 3 3 58
3549 17 13 58
2249 3 2 58
1986 17 12 58
3322 17 11 58
4823 4 2 58
1922 17 10 58
2372 5 2 58
2131 17 9 58
4120 5 1 58
3030 5 0 58
2730 19 5 58
4057 17 5 58
5159 17 4 58
950 18 5 58
4721 18 4 58
1339 17 3 58
4792 18 3 58
5326 18 2 58
2061 1 6 59
649 19 18 59
5090 18 18 59
3396 11 15 59
1478 4 15 59
3821 12 15 59
3238 14 14 59
4653 6 13 59
393 8 15 59
5235 6 15 59
1114 8 8 59
3810 0 13 60
2910 1 13 60
5166 2 16 60
4660 1 14 60
1763 5 8 60
129 5 9 60
3319 6 9 60
4595 7 9 60
4435 8 9 60
2459 14 7 60
4609 11 3 60
1374 12 3 60
2400 13 1 60
3360 14 1 60
3152 13 19 61
428 0 6 61
1167 0 7 61
268 14 19 61
1793 0 11 61
1942 1 7 61
1619 0 10 61
4076 15 19 61
5440 1 8 61
2522 2 19 61
1229 0 9 61
1648 16 19 61
1646 1 9 61
221 3 19 61
237 16 18 61
1153 17 18 61
4995 2 9 61
1572 3 9 61
2843 17 17 61
3398 4 9 61
3159 17 16 61
2292 4 10 61
5396 5 10 61
2754 4 11 61
4535 2 15 61
2214 5 11 61
1266 5 12 61
3205 5 13 61
2961 8 11 61
2380 19 4 61
3329 19 3 61
4469 19 2 61
1170 19 1 61
3361 5 18 62
3223 10 19 62
2072 18 10 62
2806 9 5 62
3838 9 6 62
3078 10 6 62
3227 2 18 63
2045 0 17 63
2299 3 18 63
5053 1 12 63
1647 1 13 63
3449 1 14 63
973 2 14 63
2229 9 15 63
207 8 15 63
5241 19 13 63
4245 19 14 63
3580 0 1 63
2535 1 1 63
4625 18 14 63
2439 17 14 63
1418 2 1 63
2327 2 2 63
4217 16 11 63
1382 3 2 63
59 4 2 63
5499 5 6 63
3390 5 2 63
842 5 1 63
3881 13 0 63
3517 5 0 63
4488 12 0 63
1569 6 0 63
4287 11 0 63
3138 10 0 63
4407 7 3 63
3612 8 3 63
2117 19 17 64
2426 19 18 64
431 18 18 64
5022 6 2 64
458 6 1 64
1503 7 1 64
2187 7 0 64
830 8 0 64
1667 9 0 64
3595 9 1 64
555 10 1 64
73 14 5 64
493 13 3 64
4290 17 1 64
4252 11 19 65
5366 10 19 65
2288 10 18 65
4240 9 18 65
224 8 18 65
3877 7 18 65
1442 7 17 65
1052 19 12 65
1811 19 11 65
2152 18 11 65
3833 4 4 65
5168 15 10 65
1449 12 10 65
1010 12 6 65
4478 12 4 65
3040 14 0 65
4086 15 0 65
2410 1 19 66
539 1 18 66
4077 4 19 66
2667 1 17 66
3811 4 18 66
3184 4 17 66
1917 4 16 66
2402 11 14 66
5119 15 13 66
1181 8 13 66
4305 16 13 66
1614 17 13 66
2139 17 12 66
403 8 10 66
4251 11 9 66
3435 17 11 66
5474 10 9 66
3335 17 10 66
5234 17 9 66
2516 16 9 66
5329 15 9 66
462 15 8 66
3459 19 19 67
41 19 18 67
4902 18 18 67
2068 2 11 67
1501 17 18 67
4022 4 8 67
3875 2 10 67
4367 17 17 67
2988 17 16 67
1978 3 10 67
3832 4 9 67
67 16 16 67
1863 4 10 67
3122 4 11 67
1705 15 16 67
2902 8 16 67
2073 10 14 67
3958 0 4 67
3745 1 4 67
3563 1 5 67
3058 15 12 67
865 14 12 67
2696 14 11 67
1011 14 10 67
3230 16 7 67
1757 13 10 67
5376 12 9 67
729 13 9 67
1383 15 7 67
199 12 8 67
3918 6 12 68
1225 6 16 68
146 7 16 68
2802 12 14 68
2506 7 15 68
2478 1 2 68
3163 4 3 68
373 5 3 68
1289 5 4 68
5070 11 6 68
3225 16 5 68
4820 17 5 68
3271 18 5 68
3509 18 4 68
4473 19 4 68
1634 19 3 68
5384 0 19 69
915 1 19 69
5422 1 18 69
4542 1 17 69
3989 6 10 69
3450 5 10 69
5374 5 11 69
4680 4 13 69
1238 5 12 69
2941 5 13 69
325 10 5 69
3884 10 6 69
3646 2 17 70
3670 5 15 70
4278 0 3 70
2547 1 3 70
634 10 12 70
4263 19 6 70
58 18 6 70
4897 9 7 70
3381 17 6 70
3874 16 6 70
4241 15 6 70
4927 14 6 70
1826 0 16 71
3108 1 16 71
4818 2 16 71
3142 3 16 71
1589 3 15 71
2485 3 14 71
1921 14 13 71
2033 7 6 71
5439 7 5 71
4226 10 4 71
1591 15 18 72
1843 10 15 72
467 10 14 72
2531 4 1 72
1482 7 3 72
1766 8 3 72
3160 10 17 73
4126 9 17 73
5114 9 18 73
5429 8 18 73
2267 7 18 73
1125 19 10 73
4441 0 5 73
2092 1 5 73
1338 19 9 73
297 19 8 73
3287 18 8 73
5320 5 2 73
3906 5 6 73
2190 17 8 73
4025 5 1 73
1911 6 6 73
758 6 3 73
1169 13 0 73
4147 12 0 73
4307 11 0 73
4783 10 0 73
1016 10 1 73
3279 15 5 73
1203 16 5 73
145 17 5 73
1910 18 5 73
4260 18 4 73
1995 16 3 73
1498 19 4 73
4265 19 3 73
5193 19 2 73
817 19 1 73
2958 12 17 74
3687 3 8 74
2419 12 18 74
4300 13 18 74
3834 14 18 74
2354 14 17 74
1411 2 15 74
715 3 15 74
1621 3 14 74
4084 4 14 74
5115 4 2 74
1499 11 12 74
4450 3 2 74
267 2 2 74
620 8 11 74
2740 16 11 74
2280 10 10 74
4231 12 11 74
682 12 10 74
757 9 1 74
7 11 1 74
749 19 0 74
501 2 8 75
5286 14 16 75
115 8 17 75
4485 0 0 75
3367 0 1 75
1620 0 2 75
584 0 3 75
3682 16 14 75
2836 1 3 75
5157 16 13 75
1738 10 8 75
2356 11 8 75
342 7 2 75
2393 13 1 75
463 14 1 75
1974 0 9 76
2207 2 19 76
5200 3 19 76
1508 4 19 76
4597 4 18 76
252 16 16 76
5139 4 17 76
3624 4 16 76
2542 6 18 76
2057 5 16 76
923 5 15 76
3277 9 14 76
2025 6 7 76
2012 7 7 76
1155 11 10 76
5285 11 4 76
580 11 3 76
160 12 3 76
4903 1 8 77
4202 15 19 77
278 16 19 77
3216 9 19 77
2968 16 15 77
1855 9 18 77
4946 8 18 77
5293 19 14 77
48 18 14 77
3852 3 3 77
3672 17 14 77
1078 2 3 77
3504 1 1 77
1327 17 13 77
5177 2 4 77
5129 2 5 77
3228 2 1 77
4800 17 12 77
4775 3 1 77
5330 17 11 77
1689 17 10 77
4659 14 7 77
4107 10 3 77
2799 19 5 77
3542 17 4 77
1265 19 4 77
324 17 3 77
2826 19 3 77
1180 18 3 77
4065 18 2 77
3416 18 1 77
4569 4 7 78
4356 8 6 78
1756 7 6 78
256 12 12 78
4832 6 6 78
4797 12 11 78
4567 15 7 78
5163 15 9 78
330 12 10 78
170 12 9 78
201 12 8 78
4177 12 1 78
2472 2 12 79
872 2 11 79
3784 3 11 79
3221 5 10 79
4338 13 17 79
4979 19 7 79
2355 15 11 79
4581 5 7 79
996 6 7 79
2006 16 11 79
576 18 7 79
1274 17 7 79
3914 7 7 79
1853 17 8 79
977 8 7 79
4455 8 5 79
3222 11 5 79
2557 12 5 79
1846 0 11 80
3431 3 6 80
1684 0 10 80
3558 1 7 80
5490 3 7 80
3344 14 19 80
3533 1 10 80
1452 0 9 80
833 15 19 80
328 1 9 80
4836 16 19 80
3902 16 18 80
3863 16 17 80
924 15 17 80
1805 0 14 80
4812 6 19 80
5031 1 14 80
1891 2 13 80
1800 2 14 80
1923 7 19 80
3648 7 10 80
1018 1 0 80
3720 3 4 80
568 2 0 80
1576 3 5 80
2343 18 9 80
1775 3 0 80
2676 4 5 80
3535 17 9 80
3119 4 0 80
5130 5 5 80
2163 16 7 80
1365 14 10 80
1046 14 9 80
432 10 16 81
540 10 17 81
1189 11 17 81
914 12 17 81
3855 8 14 81
3655 7 11 81
2831 6 9 81
1186 7 9 81
193 7 8 81
3641 8 9 81
4552 14 12 81
3936 8 8 81
3289 14 11 81
2585 15 1 81
2019 4 6 82
4175 3 6 82
1509 2 6 82
5116 18 15 82
2726 18 16 82
3141 17 16 82
5141 6 11 82
2588 11 16 82
1166 12 16 82
1310 13 16 82
3149 6 15 82
2246 13 12 82
2681 13 11 82
2279 13 10 82
836 13 9 82
2639 5 19 83
871 6 19 83
2952 3 13 83
2602 14 14 83
1730 6 13 83
4889 15 14 83
4663 16 14 83
1935 18 12 83
453 15 5 83
1675 10 1 83
2684 16 5 83
1057 17 5 83
2391 18 5 83
1129 18 4 83
1882 19 1 83
3925 19 2 83
5055 18 3 83
1605 18 2 83
3169 17 2 83
3994 16 3 83
1926 5 11 84
2399 4 15 84
3139 19 13 84
3200 19 14 84
2166 18 14 84
1182 17 14 84
3891 17 13 84
3663 17 12 84
42 15 12 84
2164 16 12 84
2493 17 11 84
4615 16 11 84
1575 16 10 84
4222 12 4 84
511 10 0 84
130 11 0 84
2987 12 0 84
70 13 0 84
1142 14 0 84
1490 15 0 84
1133 0 18 85
3250 1 18 85
2219 1 17 85
1547 1 16 85
3208 2 16 85
1433 8 19 85
230 2 15 85
1446 7 19 85
979 11 15 85
4419 7 18 85
5484 12 15 85
3262 9 16 85
3475 9 15 85
2636 8 15 85
526 0 4 85
976 1 4 85
1244 2 4 85
4227 3 4 85
2232 3 5 85
496 4 5 85
4123 6 3 85
1989 0 12 86
346 0 11 86
1539 0 10 86
4861 0 9 86
2869 1 9 86
581 17 19 86
3748 16 19 86
3516 16 18 86
3809 17 15 86
2601 3 12 86
1959 5 8 86
2247 5 9 86
4114 6 9 86
523 7 9 86
1485 5 6 86
1632 5 2 86
4563 8 9 86
5288 5 5 86
148 5 1 86
2108 6 5 86
1234 11 1 86
3724 14 3 86
392 19 0 86
4242 0 6 87
3952 15 10 87
4023 16 10 87
3647 9 1 87
3013 12 6 87
3154 16 4 87
3843 16 0 87
106 0 8 88
500 0 7 88
4150 1 7 88
531 2 7 88
3214 2 8 88
2000 18 17 88
3382 2 9 88
2316 3 9 88
4911 18 16 88
3619 11 18 88
2979 4 9 88
4611 19 8 88
3861 8 11 88
4962 18 8 88
1434 9 9 88
4649 9 8 88
1113 9 7 88
3458 11 8 88
3255 7 2 88
716 14 4 88
1152 13 1 88
226 15 4 88
4184 14 1 88
1074 15 3 88
1681 18 19 89
5083 17 19 89
3987 16 19 89
1070 1 11 89
4706 16 18 89
3754 1 12 89
5266 16 17 89
459 12 19 89
2385 3 10 89
3309 4 10 89
3263 12 18 89
656 12 17 89
2428 4 11 89
5381 4 12 89
3836 5 17 89
4666 5 12 89
4789 5 13 89
5226 10 11 89
672 5 3 89
1368 11 6 89
3594 14 5 89
832 17 17 90
4293 3 15 90
5385 4 2 90
1021 3 2 90
2525 11 9 90
157 9 0 90
4273 7 1 90
1359 11 3 90
2046 12 3 90
109 17 0 90
5493 19 15 91
5077 19 16 91
3668 18 16 91
1980 0 13 91
182 17 16 91
74 16 16 91
46 1 13 91
4144 2 13 91
1144 11 11 91
5428 11 12 91
5295 6 8 91
2720 0 5 91
3707 6 9 91
3046 1 2 91
3598 7 9 91
318 1 5 91
2609 2 2 91
5432 2 1 91
1492 8 9 91
3434 4 3 91
1625 11 7 91
1428 11 4 91
998 8 3 91
5054 12 7 91
5239 13 19 92
1939 14 18 92
5458 12 19 92
1559 14 17 92
1626 3 18 92
351 15 17 92
3979 4 18 92
2074 4 13 92
2029 10 12 92
306 16 13 92
1435 18 11 92
1998 16 12 92
4447 17 11 92
177 16 11 92
1160 4 1 92
988 11 10 92
2801 16 10 92
2294 19 6 92
893 7 3 92
4135 18 6 92
2032 14 10 92
1004 17 6 92
329 14 9 92
709 8 5 92
521 16 7 92
850 16 6 92
5339 15 6 92
2070 14 6 92
1615 10 3 92
1665 19 5 92
997 19 4 92
3795 17 4 92
2416 19 3 92
3892 17 3 92
825 6 10 93
4959 3 17 93
2423 4 17 93
1407 6 11 93
4712 5 17 93
849 9 17 93
905 9 16 93
1267 8 16 93
3587 13 14 93
1058 13 13 93
2053 10 14 93
2359 9 14 93
5291 17 10 93
2401 16 9 93
3865 9 6 93
2983 14 7 93
3077 12 1 93
1194 16 3 93
481 18 18 94
1131 4 8 94
440 4 9 94
3777 8 13 94
596 19 12 94
734 19 11 94
4256 1 0 94
1815 7 10 94
966 8 10 94
4767 2 0 94
764 6 2 94
5169 6 1 94
3407 17 2 94
5402 19 2 94
2694 19 1 94
2813 2 16 95
856 0 14 95
888 1 14 95
1432 6 18 95
1847 6 17 95
2881 7 17 95
3418 7 16 95
175 7 15 95
622 18 7 95
1120 17 7 95
667 12 12 95
4406 6 6 95
707 6 5 95
4069 12 11 95
2037 15 7 95
1045 15 9 95
5007 12 10 95
1804 12 9 95
2105 12 8 95
4888 14 1 95
3023 16 5 95
3741 17 5 95
1232 18 5 95
1086 18 4 95
356 18 3 95
4195 18 2 95
5182 1 6 96
169 1 7 96
1960 2 18 96
3280 1 10 96
49 0 17 96
4620 10 19 96
2480 0 0 96
