750500
2053
155 19 19 1
2479 19 4 1
109 19 18 1
1299 18 19 1
2891 19 0 1
3562 14 19 1
3213 18 4 1
2770 19 1 1
4565 18 0 1
3509 15 19 1
3210 19 3 1
2931 18 18 1
1625 14 18 1
3611 17 19 1
3399 17 18 1
3590 15 18 1
1714 17 0 1
3300 18 1 1
292 16 19 1
1154 18 3 1
3141 17 4 1
638 14 17 1
4820 19 2 1
3457 17 17 1
4333 17 1 1
1937 14 16 1
1505 19 17 1
3935 18 2 1
3349 16 18 1
4635 12 0 1
936 15 17 1
2027 16 0 1
1603 17 3 1
3249 19 12 1
2757 12 1 1
2468 16 17 1
2629 17 2 1
3102 14 15 1
4342 15 0 1
3903 13 0 1
595 19 16 1
3403 15 16 1
2517 16 1 1
1769 18 17 1
2018 14 0 1
2850 13 1 1
1781 19 5 1
2934 15 1 1
4376 12 2 1
1041 18 12 1
14 15 5 1
4131 16 16 1
1709 19 13 1
730 19 15 1
2452 15 15 1
4726 16 2 1
912 16 4 1
3134 18 16 1
2166 12 3 1
4769 18 15 1
1189 18 5 1
2787 18 13 1
744 16 15 1
1704 13 2 1
3491 16 3 1
3792 19 14 1
1347 15 4 1
2239 15 2 1
1550 17 16 1
3500 14 1 1
1547 19 6 1
5 17 15 1
2131 12 4 1
2214 19 7 1
670 19 9 1
363 19 11 1
1238 14 2 1
4184 18 6 1
4724 15 3 1
4022 18 14 1
898 17 5 1
2640 13 3 1
1301 17 6 1
245 18 9 1
3756 18 11 1
96 18 7 1
3411 12 5 1
1374 13 4 1
1153 17 14 1
2643 14 3 1
1151 19 8 1
3232 19 10 1
1008 16 5 1
3331 6 19 1
4136 18 8 1
913 17 9 1
3120 17 11 1
3785 17 13 1
247 5 19 1
4436 18 10 1
4693 6 18 1
2226 17 7 1
1763 16 6 1
3734 14 4 1
2414 13 5 1
84 12 6 1
4673 16 14 1
121 17 8 1
3401 16 11 1
3662 17 10 1
1906 16 7 1
3960 17 12 1
1003 16 13 1
2385 13 6 1
4289 14 5 1
2332 4 19 1
4571 0 13 1
2595 5 18 1
2833 15 6 1
3747 15 14 1
4389 0 19 1
2259 16 8 1
4014 15 13 1
3348 15 7 1
3253 14 14 1
3490 14 6 1
1901 16 12 1
3434 16 10 1
3188 0 18 1
4626 0 14 1
2683 4 18 1
4497 1 19 1
2644 3 19 1
1617 1 13 1
4058 1 14 1
1970 12 7 1
214 0 15 1
3616 2 19 1
2180 0 17 1
3619 9 6 1
2003 15 8 1
2910 14 7 1
1941 9 10 1
3828 2 13 1
1495 0 9 1
3052 15 12 1
695 16 9 1
1814 14 13 1
1018 3 18 1
2406 1 18 1
820 12 8 1
460 1 9 1
3899 2 18 1
621 0 16 1
2678 10 10 1
1490 9 7 1
433 9 9 1
3845 10 6 1
988 15 9 1
2823 13 7 1
3892 15 11 1
1904 2 14 1
581 13 19 1
1860 1 15 1
2014 1 17 1
2328 14 8 1
1999 14 12 1
757 0 10 1
1705 13 8 1
2035 2 17 1
2663 7 16 1
4559 9 8 1
3550 2 9 1
6 14 9 1
4007 0 11 1
2766 2 15 1
807 14 11 1
4541 10 7 1
3360 10 9 1
811 12 19 1
832 1 16 1
1241 11 6 1
2951 13 18 1
1806 1 10 1
3961 15 10 1
3430 1 11 1
1917 10 8 1
3144 13 17 1
1683 0 12 1
893 7 17 1
1822 14 10 1
2692 12 18 1
2151 11 19 1
2224 2 16 1
186 3 17 1
1028 8 16 1
4082 7 19 1
1975 11 7 1
4618 2 10 1
1861 13 9 1
2386 13 10 1
2255 3 16 1
2372 10 19 1
3805 11 18 1
1421 12 17 1
89 7 18 1
2849 11 8 1
700 2 11 1
3053 12 9 1
2415 1 12 1
2967 4 17 1
2074 8 19 1
3667 3 10 1
3554 8 17 1
3775 13 16 1
1924 2 12 1
3180 12 10 1
2279 4 16 1
3062 11 9 1
4067 8 18 1
544 11 17 1
2522 3 15 1
2684 13 11 1
2889 10 18 1
2321 9 19 1
4065 12 16 1
3138 3 11 1
2207 4 10 1
3497 13 15 1
2467 5 17 1
4633 5 16 1
1152 11 16 1
3422 3 12 1
3688 12 11 1
2716 11 10 1
1487 3 14 1
1094 10 17 1
97 12 15 1
470 6 17 1
2440 4 11 1
3725 9 18 1
1348 4 15 1
1633 13 12 1
4782 13 14 1
2599 12 12 1
1693 12 14 1
178 13 13 1
3711 10 16 1
1096 5 15 1
512 6 16 1
4757 11 11 1
511 3 13 1
3011 11 15 1
1645 4 14 1
1815 4 12 1
2041 9 17 1
766 5 14 1
2707 5 12 1
981 6 15 1
3444 4 13 1
3065 9 16 1
985 12 13 1
545 11 14 1
3260 11 12 1
4478 10 15 1
342 11 13 1
2076 5 13 1
4468 7 15 1
2559 10 14 1
2944 6 14 1
4583 9 15 1
847 10 13 1
3476 6 13 1
1946 8 15 1
4476 7 14 1
1333 9 14 1
3164 7 13 1
4780 10 12 1
860 8 14 1
2553 9 13 1
1014 10 11 1
3594 8 13 1
3777 9 12 1
204 6 12 1
2801 5 11 1
4671 8 12 1
3606 9 11 1
380 6 11 1
1337 7 12 1
2165 5 10 1
616 8 11 1
2610 6 10 1
414 8 10 1
3972 7 11 1
4425 7 10 1
1472 8 9 1
2964 7 9 1
4205 0 8 1
1657 8 8 1
3938 0 6 1
1821 0 7 1
1771 1 8 1
3241 1 6 1
2688 6 9 1
4574 7 8 1
3488 8 7 1
1194 1 7 1
2649 7 7 1
2632 2 8 1
3987 5 9 1
149 3 9 1
272 6 8 1
3568 8 6 1
713 6 7 1
1564 7 6 1
4386 5 8 1
195 4 9 1
3749 0 5 1
1350 3 8 1
4656 2 7 1
1690 0 4 1
3043 0 0 1
1542 5 7 1
3698 6 6 1
3572 2 6 1
658 4 8 1
53 3 7 1
4160 1 5 1
2367 0 1 1
1899 5 6 1
3541 4 7 1
2958 0 3 1
585 1 0 1
3507 3 6 1
3107 1 4 1
2628 2 5 1
1788 11 5 1
3957 4 6 1
3429 3 5 1
3705 2 4 1
3952 2 0 1
4841 1 3 1
1744 1 1 1
1740 0 2 1
2460 2 3 1
2298 2 1 1
1329 3 4 1
3783 1 2 1
4501 4 5 1
1967 11 4 1
1845 11 0 1
2693 10 5 1
3880 4 4 1
3926 11 3 1
2326 11 1 1
1760 10 4 1
255 2 2 1
696 10 0 1
2963 9 5 1
3370 3 3 1
1079 5 5 1
4291 8 5 1
52 3 2 1
2163 6 5 1
1853 9 4 1
4607 4 3 1
3539 10 1 1
319 9 0 1
3511 10 3 1
3595 5 4 1
346 11 2 1
1584 5 3 1
1115 10 2 1
3627 8 4 1
3967 6 4 1
863 7 5 1
4060 4 2 1
2283 8 0 1
633 9 1 1
4545 3 1 1
2169 9 3 1
1341 7 4 1
2195 8 1 1
207 3 0 1
3723 6 3 1
731 9 2 1
4374 4 1 1
3518 5 2 1
305 8 3 1
2154 4 0 1
1116 8 2 1
4485 5 1 1
4426 7 3 1
1825 6 2 1
4302 7 2 1
620 5 0 1
3229 6 1 1
266 7 1 1
2802 6 0 1
473 7 0 1
1048 6 1 4
1919 6 2 5
410 4 1 6
4721 5 2 6
1706 8 3 6
824 5 1 6
1117 9 1 7
4647 6 3 7
3109 8 5 8
262 4 3 8
2635 8 4 8
370 3 3 8
2647 4 2 8
4057 5 3 8
1836 5 5 8
1778 11 2 8
1001 9 0 8
2561 6 5 8
2089 9 4 8
2971 5 4 8
4604 8 0 8
124 7 5 8
2059 6 4 8
2158 7 4 8
1928 8 1 8
867 7 3 8
119 5 6 9
1286 4 5 9
4255 4 4 9
2921 0 3 9
2932 3 4 9
4432 1 0 9
2704 11 5 9
786 9 5 9
2547 0 2 9
1555 2 0 9
3656 10 5 9
3646 11 0 9
1291 11 4 9
4299 1 2 9
3398 11 3 9
1265 11 1 9
4552 10 4 9
2997 10 0 9
418 10 3 9
3622 10 1 9
2829 9 3 9
3106 10 2 9
2532 9 2 9
2401 8 2 9
2928 7 2 9
1816 7 1 9
2138 8 6 10
1739 7 6 10
1101 6 8 10
4132 6 6 10
1498 3 9 10
2244 5 8 10
548 3 8 10
3762 4 6 10
1959 0 5 10
3298 3 5 10
2810 0 0 10
4419 0 4 10
3577 1 5 10
790 0 1 10
3328 1 4 10
2235 1 1 10
3789 1 3 10
720 2 1 10
3272 5 11 11
3088 9 11 11
3784 5 10 11
996 8 11 11
3172 6 11 11
1315 6 10 11
1758 8 10 11
3891 8 9 11
37 6 9 11
2437 8 8 11
3074 8 7 11
2651 5 9 11
930 0 8 11
1950 0 6 11
1933 0 7 11
2617 1 6 11
568 4 9 11
2614 1 8 11
1666 4 8 11
1088 1 7 11
2779 2 8 11
1843 2 7 11
3187 11 14 12
4393 10 14 12
1364 7 15 12
2383 6 14 12
691 8 15 12
2511 7 14 12
1631 10 11 12
2021 9 13 12
2108 6 12 12
2218 13 14 13
3697 6 17 13
4838 6 16 13
3512 12 14 13
648 6 15 13
2702 4 11 13
3097 3 14 13
3993 13 12 13
4033 3 13 13
3744 4 14 13
4829 12 12 13
677 13 13 13
3879 10 16 13
3637 5 12 13
2270 12 13 13
1485 4 10 14
1148 13 16 14
2064 3 10 14
2776 9 19 14
1186 10 18 14
3371 5 17 14
2771 4 16 14
4112 3 11 14
1747 13 15 14
2363 13 11 14
1005 12 10 14
24 5 16 14
2972 11 16 14
1427 12 11 14
3658 15 10 15
3091 1 10 15
4113 13 18 15
4085 11 6 15
3206 10 19 15
1743 4 17 15
3494 0 12 15
2071 8 16 15
553 11 7 15
3877 7 19 15
2024 11 19 15
3076 3 17 15
1938 13 17 15
1224 8 19 15
4164 11 18 15
480 7 18 15
1477 1 12 15
3841 11 17 15
2662 10 17 15
1410 15 11 16
1728 13 7 16
1132 13 19 16
995 1 15 16
1071 14 9 16
3075 12 19 16
2920 10 9 16
331 10 7 16
194 7 16 16
4355 2 9 16
4092 7 17 16
1275 12 18 16
964 2 10 16
1754 12 17 16
4032 8 17 16
3712 12 16 16
3831 8 18 16
2444 12 15 16
269 9 18 16
3415 9 17 16
3905 11 15 16
241 10 15 16
582 9 16 16
3237 9 15 16
431 9 14 16
334 8 14 16
2797 1 9 17
1673 10 6 17
3078 10 10 17
1108 0 9 17
524 9 6 17
2028 9 10 17
2465 2 13 17
2583 1 18 17
4266 9 9 17
1833 9 7 17
649 0 10 17
3559 0 16 17
3513 0 11 17
1000 1 16 17
2137 9 8 17
4219 1 11 17
4335 10 8 17
3980 2 11 17
229 11 8 17
2227 2 12 17
90 3 12 17
66 4 12 17
1002 4 13 17
3962 15 13 18
463 14 14 18
1397 0 15 18
4519 14 13 18
1569 0 14 18
3663 0 18 18
3100 3 19 18
4358 15 9 18
2672 15 7 18
1085 12 7 18
3072 0 17 18
1289 1 17 18
1811 12 8 18
1685 15 14 19
1320 16 14 19
1454 17 12 19
650 16 13 19
1180 16 11 19
1810 4 19 19
537 0 19 19
2211 15 6 19
2375 0 13 19
4714 1 19 19
4230 1 13 19
4765 2 19 19
2592 1 14 19
3533 2 14 19
1554 2 15 19
1868 6 18 20
2980 13 5 20
2578 7 5 20
1105 19 10 21
906 18 10 21
3794 19 8 21
2493 16 5 21
3817 6 19 21
3115 5 19 21
47 16 6 21
3037 17 9 21
3700 16 7 21
2909 5 18 21
2168 4 18 21
526 3 18 21
1435 2 18 21
288 2 17 21
1278 2 16 21
4472 3 16 21
3436 3 15 21
4338 4 15 21
894 5 15 21
4750 5 14 21
1295 5 13 21
289 6 13 21
2347 7 13 21
3060 9 0 21
3649 11 2 21
2466 6 5 21
2811 8 0 21
1515 8 1 21
1653 19 11 22
1255 18 14 22
1328 18 11 22
3582 13 3 22
4133 17 5 22
3407 17 11 22
3157 19 7 22
1974 19 9 22
2744 18 7 22
1630 17 10 22
364 12 5 22
727 18 9 22
1467 12 6 22
3310 16 10 22
3840 18 8 22
3485 13 6 22
484 16 9 22
2492 3 3 22
2526 5 3 22
4344 5 5 22
4516 5 4 22
2030 6 4 22
2470 7 4 22
651 19 6 23
3263 2 8 23
1342 4 3 23
3738 10 4 23
2948 4 2 23
4273 8 4 23
210 10 0 23
3189 9 4 23
1605 19 14 24
4510 16 15 24
135 17 16 24
1106 16 3 24
1509 18 5 24
1346 14 1 24
4348 13 2 24
3498 14 2 24
3004 18 6 24
4026 17 6 24
4198 17 7 24
3588 17 8 24
4140 16 8 24
3798 11 3 24
2943 9 1 24
575 6 3 24
2013 7 3 24
1720 18 16 25
1873 16 2 25
4227 16 4 25
4362 12 3 25
4513 12 4 25
1661 13 4 25
286 10 16 25
2029 5 12 25
2824 0 6 25
222 0 8 25
4309 1 8 25
3246 1 6 25
3315 1 7 25
1638 2 7 25
2117 1 5 25
2141 0 4 25
3305 1 4 25
467 1 3 25
3318 1 2 25
1881 3 0 25
1107 8 3 25
3653 5 2 25
1703 5 1 25
1257 16 16 26
646 19 13 26
1776 19 15 26
39 13 13 26
799 12 12 26
3220 12 13 26
944 8 8 26
4509 8 7 26
2334 5 9 26
3194 4 9 26
4188 4 8 26
2873 0 0 26
2273 2 0 26
1426 11 4 26
4284 11 0 26
1647 11 1 26
659 10 1 26
1644 10 2 26
144 18 12 27
171 18 13 27
3221 15 5 27
2677 15 4 27
2319 0 2 27
1869 0 1 27
2199 9 5 27
4059 1 1 27
3945 2 1 27
455 6 2 27
3631 12 2 28
941 15 3 28
1338 12 11 28
4592 11 16 28
4717 4 14 28
1762 3 13 28
4143 11 5 28
1043 10 5 28
4366 10 4 28
2590 10 3 28
2391 9 3 28
2760 9 2 28
4794 8 2 28
3781 6 1 28
301 14 0 29
2373 19 16 29
314 13 0 29
754 15 16 29
406 16 1 29
1952 19 5 29
1425 18 5 29
1695 18 6 29
1641 17 6 29
444 17 7 29
2177 17 8 29
4185 16 8 29
4621 15 8 29
1956 12 9 29
46 13 15 29
4239 3 11 29
4106 6 9 29
671 1 12 30
1205 8 17 30
2251 11 17 30
1074 10 17 30
563 8 11 30
153 6 11 30
542 8 10 30
1086 6 10 30
4346 8 9 30
4598 2 6 30
4169 19 12 31
2092 18 12 31
3780 18 13 31
223 18 14 31
2002 7 16 31
3779 13 12 31
1174 2 9 31
4202 13 11 31
27 7 17 31
4224 2 10 31
3999 5 17 31
1310 3 14 31
823 5 16 31
2862 5 15 31
3954 5 14 31
1431 7 14 31
4286 10 11 31
4663 9 13 31
1622 6 12 31
1297 5 5 31
2641 19 17 32
3687 12 0 32
3519 14 16 32
763 16 0 32
1393 15 0 32
1351 14 15 32
2446 18 17 32
1058 12 1 32
2302 18 16 32
487 13 1 32
999 15 15 32
3274 15 1 32
1264 18 15 32
1497 13 2 32
3894 0 16 32
4024 0 15 32
525 0 14 32
3093 1 14 32
1523 2 14 32
4072 10 9 32
1613 3 17 32
282 7 19 32
2695 13 17 32
2698 11 19 32
4746 11 18 32
1543 8 19 32
3580 10 18 32
215 6 14 32
566 8 15 32
375 5 3 32
4247 5 4 32
2689 6 4 32
35 7 4 32
3320 7 3 32
2587 18 8 33
1612 9 7 33
3226 0 10 33
4569 1 15 33
1309 0 11 33
3651 14 9 33
1416 2 15 33
1097 9 19 33
709 4 6 33
4679 0 5 33
689 0 4 33
2750 1 4 33
3759 1 3 33
2350 3 3 33
3838 19 2 34
4707 18 3 34
1772 14 17 34
371 18 1 34
1066 16 19 34
330 17 4 34
2836 17 3 34
379 15 17 34
3812 17 17 34
7 18 2 34
3949 13 19 34
4308 8 16 34
4027 12 19 34
457 7 16 34
4116 11 7 34
499 12 18 34
916 7 17 34
2060 7 18 34
3851 12 17 34
191 8 18 34
3531 3 8 34
1876 17 0 35
3080 17 1 35
4190 17 2 35
2019 16 2 35
2206 12 5 35
1448 17 10 35
559 12 6 35
2392 16 10 35
3421 13 6 35
4755 16 9 35
712 12 7 35
4548 0 17 35
3152 12 8 35
1502 3 10 35
788 2 10 35
3895 3 9 35
3810 4 9 35
1444 5 8 35
1902 4 8 35
3036 1 0 35
184 1 1 35
4391 2 1 35
2682 14 18 36
2152 17 19 36
1438 15 18 36
4576 19 9 36
23 18 9 36
4433 18 7 36
3150 18 8 36
580 9 10 36
1911 0 12 36
2480 9 9 36
4365 13 16 36
3854 12 16 36
3163 4 11 36
2724 12 15 36
3959 11 15 36
2161 6 15 36
875 10 15 36
3973 6 14 36
3862 2 5 36
2541 6 5 36
3944 11 2 36
344 6 4 36
2250 10 2 36
2819 9 2 36
1582 7 4 36
2072 7 3 36
4728 18 18 37
1409 17 18 37
3442 3 19 37
4084 2 19 37
1281 1 19 37
1436 15 9 37
4025 15 7 37
2556 9 6 37
3842 0 9 37
2675 9 7 37
3284 0 10 37
3655 9 8 37
4069 0 11 37
3702 1 11 37
2991 10 8 37
2519 2 11 37
2882 10 19 37
3269 4 17 37
579 3 15 37
2419 9 19 37
4825 2 12 37
3506 3 12 37
1110 9 18 37
3405 9 17 37
167 4 12 37
1004 9 16 37
3966 9 0 37
3302 8 0 37
3528 8 1 37
4733 4 0 37
1460 19 3 38
2874 18 3 38
3423 18 2 38
405 0 13 38
2022 1 13 38
4612 2 13 38
2722 1 17 38
3325 2 14 38
1233 13 7 38
3829 11 6 38
4047 2 15 38
4617 11 7 38
2107 11 8 38
889 5 2 38
2767 18 0 39
2034 15 19 39
4480 15 18 39
351 17 0 39
3446 16 18 39
1859 16 17 39
1616 16 16 39
2473 16 15 39
4390 19 7 39
3412 17 15 39
1681 18 7 39
4557 17 14 39
2020 17 13 39
761 16 13 39
2106 5 18 39
4444 16 12 39
3679 15 12 39
3956 14 12 39
4187 14 11 39
2155 7 15 39
2749 8 15 39
295 9 11 39
735 6 6 39
4661 1 5 39
4417 1 4 39
3181 1 2 39
1790 3 0 39
67 8 3 39
4713 8 2 39
1586 19 1 40
2170 18 1 40
446 17 1 40
3295 13 3 40
2331 17 5 40
2176 17 6 40
4053 17 7 40
3303 17 9 40
3920 17 8 40
1270 0 19 40
1990 0 18 40
2396 1 18 40
2428 12 14 40
4370 5 11 40
848 5 10 40
2012 6 10 40
4512 7 7 40
1025 0 3 40
2016 1 3 40
1940 5 19 41
3330 4 19 41
3478 4 18 41
3117 10 10 41
2680 9 10 41
4282 3 18 41
4392 9 9 41
1872 2 18 41
1572 9 8 41
4056 2 17 41
1746 10 8 41
3547 2 16 41
1045 11 8 41
918 3 16 41
4688 4 16 41
543 4 15 41
3881 10 14 41
1915 18 4 42
806 18 3 42
3795 18 2 42
3847 17 2 42
3379 16 2 42
3710 15 2 42
1259 14 2 42
2830 17 10 42
2009 14 13 42
3048 13 18 42
461 12 18 42
997 0 8 42
1242 0 6 42
4223 1 6 42
4217 1 8 42
1734 1 7 42
3521 2 7 42
2621 16 5 43
1620 16 6 43
4271 16 7 43
3296 10 16 43
4722 5 12 43
2070 7 5 43
3063 19 11 44
4428 18 11 44
748 16 14 44
4196 17 11 44
4816 16 11 44
3992 16 10 44
2631 10 6 44
1900 14 12 44
4536 11 6 44
1837 11 7 44
3684 5 3 44
448 16 4 45
1965 12 3 45
699 15 4 45
3848 12 4 45
2612 13 4 45
2793 1 10 45
2604 13 17 45
4173 1 11 45
732 11 19 45
2285 7 19 45
3844 2 11 45
3629 8 19 45
2618 11 18 45
2055 12 17 45
1216 9 19 45
4211 10 18 45
2077 12 16 45
3058 2 12 45
3618 6 16 45
4534 6 15 45
3236 6 14 45
4515 6 9 45
1141 4 4 45
4699 11 0 45
2993 11 1 45
4372 10 1 45
864 11 4 45
4430 5 5 45
2243 10 2 45
2911 10 4 45
3346 10 3 45
3385 9 2 45
4396 5 4 45
4819 6 4 45
2127 7 4 45
1562 14 19 46
2313 19 0 46
3526 19 1 46
4740 15 19 46
1640 15 18 46
3104 18 1 46
4177 17 1 46
1812 17 2 46
1918 16 2 46
1611 15 2 46
3262 15 3 46
2531 14 3 46
4520 19 8 46
466 18 8 46
802 14 4 46
4384 14 5 46
4753 10 9 46
1391 10 8 46
74 3 17 46
603 11 8 46
2304 13 15 46
4115 11 9 46
2036 3 11 46
2544 12 15 46
1871 3 12 46
2156 4 12 46
784 9 13 46
2835 6 12 46
3375 0 0 46
4652 1 0 46
1686 2 0 46
3374 2 1 46
202 18 19 47
1764 18 18 47
573 12 9 47
3624 10 11 47
4170 8 7 47
4795 7 7 47
1643 5 9 47
1642 5 8 47
201 3 8 47
2320 9 4 47
2885 19 10 48
111 18 10 48
4398 18 11 48
450 17 11 48
381 16 11 48
4798 0 16 48
1589 16 10 48
4010 0 15 48
953 16 9 48
3218 0 14 48
3326 1 14 48
2557 15 11 48
4150 2 14 48
290 2 15 48
576 2 16 48
3211 3 16 48
835 5 14 48
3567 7 14 48
1726 8 9 48
2887 8 8 48
801 2 6 48
3042 4 5 48
596 6 3 48
4473 13 2 49
151 13 5 49
4799 14 14 49
4690 14 13 49
636 11 14 49
2188 13 13 49
4790 12 12 49
4629 11 15 49
4139 12 13 49
3770 10 0 49
4664 10 1 49
3195 11 3 49
3380 9 1 49
3085 9 2 49
378 3 14 50
4011 8 10 50
2389 8 4 50
4192 5 0 50
1034 6 0 50
1998 19 18 51
4844 18 18 51
2729 17 18 51
2425 16 18 51
3427 16 17 51
2812 16 16 51
170 16 3 51
40 17 16 51
1650 15 3 51
986 6 18 51
1504 5 18 51
2114 4 18 51
4311 3 18 51
1176 2 18 51
180 2 17 51
1172 7 16 51
1960 2 16 51
2743 3 16 51
2095 4 16 51
308 4 10 51
4555 2 4 51
873 2 2 51
680 4 2 51
861 19 15 52
3517 19 13 52
238 19 5 52
385 15 1 52
1783 18 5 52
507 18 15 52
851 18 13 52
4805 18 6 52
955 18 14 52
1889 17 6 52
1986 17 7 52
3546 17 8 52
3077 16 8 52
4194 15 8 52
1480 6 17 52
1243 5 17 52
4443 5 16 52
1987 5 15 52
70 4 15 52
1006 4 14 52
4694 8 11 52
3774 6 11 52
1847 11 5 52
2588 4 3 52
326 10 5 52
2626 10 4 52
3057 10 3 52
1261 19 4 53
822 18 4 53
2798 18 3 53
838 18 2 53
1145 16 1 53
4720 17 2 53
2438 16 2 53
3537 13 1 53
3823 14 1 53
3871 15 2 53
2860 15 14 53
1560 15 13 53
1961 8 6 53
2068 8 7 53
2552 8 8 53
427 5 6 53
225 15 16 54
4593 13 19 54
3933 8 16 54
2974 15 10 54
3350 7 16 54
3989 12 19 54
400 2 9 54
2550 12 18 54
3870 7 17 54
2852 2 10 54
954 12 17 54
420 7 18 54
1090 12 16 54
1230 8 18 54
1835 9 18 54
2427 12 15 54
2611 3 13 54
3523 0 5 54
3219 0 4 54
3390 0 3 54
3630 11 2 54
2508 10 2 54
13 4 0 54
1114 17 17 55
1209 16 17 55
4732 16 16 55
3917 11 16 55
4090 2 5 55
598 9 5 55
1177 10 5 55
2840 8 1 55
130 10 4 55
1626 10 3 55
501 6 5 55
4200 6 2 55
1834 12 1 56
2696 13 1 56
718 14 1 56
276 4 17 56
2953 11 17 56
2317 4 16 56
3839 1 1 56
3601 4 6 56
2558 8 0 56
1033 3 0 56
998 9 0 56
547 9 3 56
1639 9 1 56
3621 8 3 56
481 9 2 56
3579 6 3 56
1325 18 17 57
3538 14 15 57
1070 15 15 57
2043 18 16 57
1439 18 15 57
1492 13 7 57
1140 0 11 57
2424 10 19 57
3776 13 12 57
2919 10 18 57
456 12 10 57
2881 10 17 57
1191 5 10 57
469 5 11 57
283 6 11 57
1398 6 6 57
3540 2 8 57
3832 3 8 57
1057 1 5 57
4716 1 4 57
453 5 2 57
459 0 10 58
1978 13 16 58
3231 3 10 58
3975 12 16 58
772 3 9 58
32 4 9 58
1691 4 8 58
1610 19 19 59
152 19 18 59
3722 18 18 59
4843 17 18 59
4462 17 17 59
3308 13 0 59
3283 1 18 59
1796 9 6 59
3333 12 7 59
967 0 9 59
4298 0 17 59
737 1 17 59
2832 1 9 59
3083 12 8 59
4675 9 7 59
2622 9 8 59
3729 13 8 59
2774 1 10 59
4109 13 9 59
2042 10 8 59
271 11 8 59
2596 13 14 59
3996 12 14 59
2563 11 9 59
4622 11 10 59
850 12 15 59
923 11 15 59
4727 10 15 59
1936 9 11 59
29 0 1 59
2639 0 2 59
3545 5 5 59
3544 5 4 59
3596 6 4 59
2520 7 4 59
4119 7 3 59
4800 15 17 60
3657 12 2 60
2393 12 1 60
165 16 17 60
4697 16 16 60
275 13 1 60
1655 19 14 60
3342 16 15 60
3542 14 1 60
3620 17 15 60
3793 1 15 60
698 8 17 60
4692 8 18 60
3359 9 18 60
4168 9 17 60
3578 9 16 60
2524 2 0 60
1517 2 1 60
3406 11 0 60
777 11 4 60
4439 10 4 60
83 11 1 60
792 11 2 60
1109 10 3 60
924 9 3 60
4203 10 2 60
2164 9 2 60
311 8 2 60
485 7 2 60
277 19 6 61
3039 18 6 61
1750 17 6 61
3809 17 7 61
3955 0 12 61
3932 0 11 61
1809 1 11 61
3797 2 11 61
2961 3 11 61
1684 4 11 61
350 4 12 61
2185 15 0 62
1164 15 1 62
3021 15 2 62
435 19 9 62
1254 14 2 62
4558 18 9 62
733 18 8 62
2598 17 8 62
1060 15 7 62
1225 16 8 62
4527 0 18 62
3450 0 17 62
510 15 8 62
166 1 17 62
2268 15 9 62
4049 2 17 62
741 8 15 62
197 19 16 63
830 19 12 63
1199 18 16 63
3724 18 12 63
2057 18 15 63
3599 18 13 63
1830 18 14 63
1027 12 6 63
1659 13 6 63
2866 2 13 63
2069 2 14 63
1574 6 12 63
4181 0 0 63
3715 1 0 63
320 1 1 63
477 4 5 63
3462 1 2 63
1163 4 4 63
4351 1 3 63
2275 2 3 63
647 15 5 64
1884 15 4 64
1113 15 11 64
2973 13 15 64
4401 12 15 64
2067 3 12 64
4306 4 12 64
2426 11 15 64
2735 4 13 64
783 10 15 64
3918 9 15 64
881 7 15 64
4455 5 13 64
1775 7 14 64
3469 8 14 64
4564 10 12 64
2416 9 12 64
2125 8 9 64
226 7 8 64
3701 2 6 64
396 17 19 65
4245 17 18 65
4216 17 17 65
2160 16 17 65
2157 16 16 65
2346 3 17 65
3067 0 7 65
3160 2 2 65
196 4 2 65
2957 17 4 66
2924 16 0 66
1371 17 3 66
4263 15 0 66
708 17 2 66
962 15 1 66
2516 16 2 66
669 15 2 66
2637 15 3 66
4735 14 3 66
3158 12 5 66
1491 12 6 66
3913 14 4 66
983 14 5 66
3015 13 6 66
3357 16 13 66
4606 14 6 66
2090 0 14 66
3610 9 10 66
965 9 9 66
4706 9 8 66
1794 6 16 66
4771 6 15 66
4489 5 3 66
4803 5 4 66
1201 6 4 66
3234 7 5 66
1061 7 4 66
2063 7 3 66
3317 19 8 67
613 18 8 67
4097 1 12 67
3503 1 11 67
254 2 11 67
1247 3 11 67
2335 1 8 67
1168 1 19 68
133 0 13 68
600 16 9 68
2162 0 19 68
3291 1 13 68
4524 0 18 68
279 4 18 68
1430 0 17 68
3174 3 18 68
630 1 17 68
2390 2 18 68
4575 2 12 68
3836 5 12 68
1065 3 12 68
2585 4 12 68
2796 11 5 68
3863 11 4 68
1015 4 3 68
2245 11 3 68
3314 10 3 68
1789 16 19 69
888 17 19 69
836 17 18 69
3049 17 17 69
4806 16 17 69
942 16 16 69
760 17 9 69
3112 17 8 69
2431 10 10 69
2927 10 9 69
4117 10 8 69
1318 7 12 69
4511 10 0 69
4530 9 4 69
1536 10 1 69
4742 10 2 69
1084 9 3 69
2831 9 2 69
4367 8 2 69
4369 7 2 69
4383 14 17 70
2103 14 16 70
2723 14 15 70
175 15 15 70
1331 17 5 70
1575 17 6 70
724 11 6 70
2303 11 18 70
1223 8 19 70
800 10 18 70
4748 9 19 70
4655 12 12 70
896 18 1 71
3754 17 1 71
539 12 0 71
2581 17 2 71
3475 12 1 71
631 16 2 71
3887 13 1 71
1039 0 16 71
4802 0 15 71
1606 0 14 71
4808 1 14 71
4669 2 14 71
475 2 15 71
611 5 16 71
2979 5 15 71
679 13 13 71
2815 12 13 71
2111 0 5 71
2484 0 4 71
2204 4 0 71
3827 6 0 71
1486 14 0 72
3575 14 1 72
1181 1 16 72
3787 6 9 72
1217 0 6 72
4493 1 6 72
3482 5 6 72
2008 14 14 73
4567 2 19 73
3288 14 13 73
3557 7 19 73
1752 7 18 73
4158 8 18 73
909 0 8 73
2988 5 9 73
3449 1 8 73
3664 5 8 73
839 1 7 73
1581 2 7 73
31 5 5 73
1327 5 4 73
3709 6 4 73
3910 7 4 73
3143 5 2 73
1384 7 3 73
885 7 2 73
4687 15 18 74
4001 4 18 74
664 10 6 74
2892 11 19 74
4228 10 7 74
72 11 18 74
3726 11 7 74
313 10 18 74
1971 9 18 74
2535 9 17 74
3931 9 16 74
2754 10 16 74
2288 8 6 74
401 8 7 74
492 8 8 74
2846 0 1 74
2359 1 5 74
3691 0 2 74
4234 1 4 74
827 0 3 74
3859 1 3 74
4314 2 3 74
3718 5 0 74
556 17 0 75
4763 17 1 75
1892 19 7 75
4061 18 7 75
2564 13 5 75
1157 15 14 75
411 15 13 75
2374 2 10 75
4182 13 17 75
520 12 17 75
3006 12 16 75
2989 13 14 75
468 12 15 75
1251 12 14 75
1464 11 14 75
369 2 4 75
771 14 18 76
535 16 1 76
4465 18 10 76
728 18 11 76
2007 17 11 76
1831 5 18 76
1870 16 11 76
2139 16 10 76
3889 5 19 76
1144 16 9 76
2804 4 19 76
750 3 19 76
2351 4 10 76
3767 13 9 76
1335 4 11 76
4006 4 12 76
1665 10 11 76
3040 9 11 76
4595 7 7 76
1777 2 8 76
4674 3 8 76
338 8 4 76
4055 9 4 76
1557 9 3 76
4214 19 2 77
583 13 2 77
1679 12 4 77
2221 13 4 77
1597 9 7 77
625 8 9 77
1363 6 6 77
2454 2 6 77
1063 18 3 78
707 18 2 78
4079 16 6 78
729 0 9 78
1520 1 9 78
4270 1 10 78
4573 1 11 78
4364 2 11 78
1994 2 12 78
3101 3 12 78
2145 6 17 78
99 5 17 78
2286 3 13 78
1451 5 16 78
2266 4 13 78
1302 4 14 78
4760 10 12 78
3977 8 14 78
3673 9 12 78
4532 14 19 79
239 19 0 79
3666 19 1 79
1042 15 19 79
2181 15 18 79
2510 18 1 79
373 19 17 79
2525 17 1 79
1089 19 16 79
390 19 5 79
1614 18 16 79
1719 18 15 79
4837 18 5 79
2880 17 5 79
3861 17 6 79
2343 17 7 79
1228 16 7 79
274 15 6 79
3799 7 17 79
1267 7 18 79
1133 8 18 79
1717 9 18 79
3477 12 9 79
3384 6 14 79
3456 8 3 79
3133 18 19 80
2085 17 19 80
3216 17 18 80
2745 16 18 80
3372 16 17 80
264 12 7 80
2545 12 8 80
855 9 6 80
1368 13 8 80
1839 5 10 80
4783 5 11 80
973 6 11 80
2858 11 0 80
4004 11 1 80
1675 11 2 80
1461 9 0 80
874 6 5 80
4464 7 5 80
935 9 1 80
2609 10 2 80
3425 5 3 80
9 7 4 80
2091 6 3 80
2450 6 2 80
2869 7 3 80
1009 19 3 81
2788 18 3 81
2004 18 2 81
2112 17 2 81
1587 19 10 81
993 19 13 81
2232 16 2 81
3964 18 10 81
1292 15 2 81
1793 18 13 81
176 18 11 81
4627 18 14 81
2813 17 11 81
1895 16 11 81
1207 16 10 81
4751 16 9 81
50 16 8 81
1437 15 8 81
952 6 16 81
4696 6 15 81
1636 3 7 81
2912 8 5 81
4451 8 4 81
819 3 0 81
3087 8 0 81
2045 8 1 81
3156 13 0 82
3135 14 0 82
4360 14 1 82
3324 12 3 82
1634 14 2 82
508 6 18 82
1600 13 3 82
425 5 18 82
4411 1 18 82
357 4 16 82
1188 8 10 82
1674 2 0 82
2315 10 5 82
879 2 1 82
141 10 4 82
1996 9 4 82
1450 6 19 83
958 5 19 83
4818 17 12 83
2834 9 10 83
1828 4 19 83
2713 3 19 83
1231 9 9 83
312 9 8 83
870 3 18 83
2929 9 7 83
1801 2 18 83
1930 10 7 83
755 2 17 83
4213 11 7 83
842 8 17 83
722 3 14 83
1316 13 12 83
2333 10 19 83
2096 10 18 83
2619 12 10 83
2306 10 16 83
2791 8 15 83
2725 10 15 83
2700 7 15 83
2365 7 14 83
2857 4 5 83
2263 4 4 83
60 6 0 83
1963 1 15 84
4416 1 16 84
125 4 9 84
1926 0 5 84
979 0 4 84
2459 0 3 84
602 1 3 84
2765 4 3 84
132 4 0 84
208 19 18 85
2299 18 18 85
725 18 4 85
4218 17 18 85
3142 18 3 85
219 18 2 85
1632 16 18 85
3002 16 17 85
4422 17 2 85
3607 16 2 85
3466 16 16 85
4741 16 15 85
910 15 2 85
242 14 2 85
3178 14 3 85
407 14 4 85
2908 15 9 85
1649 2 9 85
2312 11 17 85
2198 10 17 85
4600 13 13 85
1078 12 13 85
1062 8 11 85
1382 0 0 85
2143 1 0 85
3560 1 1 85
377 1 2 85
3361 2 2 85
3244 10 0 85
3306 10 1 85
1394 10 2 85
1607 17 16 86
2731 12 5 86
2999 12 6 86
391 13 6 86
2382 12 19 86
318 12 18 86
2528 12 17 86
2269 12 16 86
1566 11 15 86
1949 5 12 86
939 11 5 86
324 11 4 86
4130 9 5 86
1229 11 3 86
1200 10 3 86
323 9 4 86
2870 9 3 86
177 9 2 86
4677 8 2 86
2674 19 14 87
1538 19 15 87
2174 18 15 87
2990 17 15 87
609 0 16 87
4118 0 15 87
3277 0 14 87
489 1 14 87
1415 7 16 87
3023 3 10 87
1512 7 17 87
2681 2 10 87
1442 6 12 87
1908 3 9 87
1195 4 9 87
1240 4 8 87
2307 5 2 87
2498 16 5 88
218 16 6 88
4738 16 7 88
3753 13 7 88
4723 10 9 88
1664 15 10 88
224 10 8 88
126 11 8 88
3176 4 6 88
1474 5 5 88
3800 5 4 88
3853 6 4 88
4784 8 3 88
306 6 3 88
4172 7 3 88
1073 7 2 88
4676 15 1 89
1441 15 6 89
3190 15 7 89
4070 0 18 89
58 0 17 89
3051 1 17 89
3240 0 11 89
549 2 17 89
1782 8 16 89
1725 1 11 89
4529 8 17 89
1287 7 18 89
280 12 9 89
2667 13 16 89
3791 2 11 89
2642 13 15 89
3908 8 18 89
3086 12 12 89
2838 6 14 89
209 5 0 89
2340 16 4 90
4236 16 3 90
828 2 13 90
4074 7 6 90
1280 6 6 90
900 0 1 90
635 1 5 90
4623 0 2 90
1146 1 2 90
4503 1 4 90
3484 1 3 90
1510 2 3 90
2646 4 2 90
388 6 0 90
1832 19 19 91
45 19 18 91
2167 18 18 91
187 17 18 91
795 17 3 91
142 16 18 91
4023 14 16 91
959 12 0 91
4157 18 17 91
1841 15 0 91
1323 14 15 91
3183 16 17 91
4773 15 1 91
3508 15 15 91
1628 16 16 91
2968 19 5 91
2669 16 15 91
1137 18 5 91
2120 17 5 91
1935 17 6 91
1298 17 13 91
672 17 7 91
1880 15 11 91
4642 11 6 91
4356 11 7 91
3858 3 11 91
2679 5 9 91
2358 0 8 91
3261 1 8 91
2703 5 8 91
479 4 5 91
773 4 4 91
4280 18 1 92
2987 19 17 92
3452 12 2 92
3835 19 16 92
2491 12 1 92
1864 13 1 92
2843 18 16 92
1031 14 1 92
1770 15 4 92
3441 18 15 92
3038 15 3 92
1879 18 9 92
787 17 9 92
2296 7 19 92
419 8 19 92
17 9 19 92
4563 10 15 92
4449 7 15 92
4788 7 14 92
1588 3 8 92
4093 2 5 92
1984 6 2 92
4554 0 19 93
2364 0 13 93
3278 1 13 93
1126 0 18 93
4257 0 17 93
3988 2 13 93
641 0 10 93
1227 1 17 93
3758 2 14 93
1724 0 11 93
4830 2 15 93
897 2 16 93
4758 0 12 93
496 12 10 93
3233 10 16 93
4500 8 15 93
4134 8 14 93
3336 10 12 93
3678 8 6 93
392 8 7 93
240 8 8 93
287 0 7 93
2808 2 4 93
2884 5 3 93
1501 6 3 93
3941 17 17 94
2827 19 11 94
2888 18 11 94
108 17 11 94
716 16 11 94
4701 16 10 94
4316 16 9 94
2409 14 14 94
110 14 13 94
3978 13 19 94
1885 10 10 94
3549 10 9 94
1792 13 18 94
2291 12 18 94
891 11 19 94
33 13 12 94
4597 11 18 94
4641 10 19 94
3990 4 14 94
1921 2 8 94
