776725
2067
4149 0 10 1
4645 0 19 1
446 1 10 1
1922 0 11 1
4208 0 9 1
1976 0 18 1
5401 2 10 1
4693 1 19 1
1358 0 12 1
2477 0 8 1
2669 1 9 1
1115 1 11 1
3059 19 19 1
901 1 18 1
4717 1 8 1
4624 18 19 1
3104 1 12 1
3206 2 9 1
1696 0 17 1
4133 2 11 1
5454 0 13 1
1984 0 7 1
64 3 10 1
5 19 18 1
1302 2 19 1
364 2 18 1
4614 2 8 1
5104 3 11 1
1585 3 19 1
5505 4 10 1
2655 1 17 1
3405 2 12 1
1652 3 9 1
1412 0 0 1
3787 1 7 1
1056 19 17 1
627 17 19 1
3054 0 6 1
4596 0 14 1
957 0 16 1
3838 1 13 1
3272 19 11 1
1925 18 18 1
5390 3 18 1
4322 0 1 1
712 3 8 1
2363 19 16 1
2027 19 12 1
3331 3 12 1
5480 18 17 1
2842 4 9 1
2356 18 11 1
4485 4 11 1
3547 4 19 1
203 17 18 1
462 5 10 1
5157 10 19 1
2767 16 19 1
1788 2 17 1
4378 1 14 1
5387 0 5 1
2634 0 15 1
788 1 0 1
4187 1 16 1
1691 1 6 1
2584 2 13 1
78 2 7 1
5176 11 19 1
438 4 12 1
3580 1 15 1
1186 10 18 1
2410 6 10 1
2058 5 19 1
1670 5 11 1
2981 5 9 1
4010 2 0 1
3611 4 18 1
326 2 16 1
1265 15 19 1
2774 16 18 1
2611 17 11 1
4073 17 17 1
184 1 5 1
3518 18 12 1
4361 18 16 1
4690 1 1 1
1478 19 13 1
2699 19 15 1
3304 0 4 1
2174 0 2 1
3730 3 17 1
4377 3 13 1
3985 3 7 1
2823 2 6 1
1707 4 8 1
2098 2 14 1
4198 14 19 1
3661 16 17 1
4266 16 11 1
5065 2 5 1
3280 15 18 1
466 3 14 1
161 12 19 1
1767 11 18 1
922 10 17 1
2488 7 10 1
1423 6 19 1
5048 6 11 1
5086 3 16 1
4850 17 12 1
908 17 16 1
2484 2 1 1
224 1 4 1
5286 18 13 1
204 18 15 1
38 2 15 1
1649 1 2 1
3699 3 6 1
26 19 14 1
4618 0 3 1
666 3 0 1
3707 4 17 1
1441 4 7 1
3368 5 18 1
2084 4 13 1
4722 5 8 1
1795 5 12 1
4909 16 12 1
2491 18 14 1
1244 7 11 1
2763 7 19 1
637 17 15 1
1133 17 13 1
1830 5 7 1
1979 4 6 1
4609 16 16 1
3760 3 15 1
2705 5 13 1
964 15 17 1
2465 15 11 1
4553 14 18 1
2372 13 19 1
65 12 18 1
5080 2 4 1
2327 11 17 1
3681 4 0 1
3570 5 17 1
1571 4 16 1
2206 6 18 1
4323 4 14 1
1180 2 2 1
3635 1 3 1
3646 6 12 1
655 3 1 1
4143 3 5 1
437 15 12 1
2860 5 14 1
3034 14 11 1
844 6 17 1
2538 4 5 1
3431 6 13 1
1350 16 15 1
2643 16 13 1
4892 14 17 1
4564 3 4 1
454 8 19 1
1815 17 14 1
4647 13 18 1
4140 5 6 1
62 15 16 1
68 3 2 1
1245 12 17 1
1486 7 18 1
5456 5 16 1
168 2 3 1
699 4 1 1
2585 7 12 1
369 4 15 1
2010 5 0 1
4588 4 4 1
2702 15 13 1
1267 4 2 1
5192 14 16 1
3772 9 19 1
1089 14 12 1
4560 3 3 1
5175 13 17 1
3596 5 15 1
714 15 15 1
947 5 5 1
4509 6 16 1
2133 7 17 1
2430 5 1 1
1514 16 14 1
1859 7 13 1
5218 8 18 1
2641 6 14 1
1547 6 0 1
1349 7 14 1
5039 15 14 1
4427 7 16 1
35 5 2 1
1026 5 4 1
1826 13 16 1
2514 6 1 1
5348 7 0 1
4669 4 3 1
2440 14 13 1
5295 6 15 1
4255 9 18 1
236 14 15 1
265 8 17 1
1127 9 0 1
4725 13 15 1
4359 6 2 1
5174 5 3 1
1605 12 16 1
2391 14 14 1
111 8 0 1
4304 8 16 1
907 9 1 1
3406 7 15 1
1896 9 17 1
3892 7 1 1
2869 7 2 1
3203 13 14 1
3588 12 15 1
3919 8 1 1
2990 9 16 1
3080 9 2 1
2666 8 15 1
2827 6 3 1
5365 11 16 1
1224 13 13 1
3859 10 16 1
5292 9 15 1
3773 9 3 1
2639 12 14 1
3266 11 15 1
5038 8 14 1
1088 8 2 1
2334 7 3 1
2260 6 4 1
509 8 13 1
4984 9 4 1
685 9 14 1
4327 8 3 1
3652 7 4 1
2946 6 5 1
484 13 12 1
1334 10 15 1
3392 12 13 1
2470 11 14 1
4726 8 12 1
3120 13 11 1
4081 7 5 1
507 14 10 1
2255 9 13 1
733 8 4 1
4455 6 6 1
2760 12 12 1
3123 10 14 1
522 11 13 1
3191 15 10 1
4542 8 5 1
4818 10 13 1
4144 8 11 1
1607 9 12 1
1731 14 9 1
973 7 6 1
459 11 12 1
728 12 11 1
3305 6 9 1
822 19 10 1
3814 6 7 1
425 15 9 1
3618 11 11 1
2758 6 8 1
3565 8 6 1
1677 19 9 1
267 8 10 1
3153 18 10 1
4642 14 8 1
3893 9 11 1
2698 7 7 1
3020 10 12 1
2896 16 10 1
2511 7 9 1
4492 17 10 1
2843 10 11 1
5483 8 7 1
5103 19 8 1
2905 16 9 1
2100 8 9 1
3883 15 8 1
3270 18 9 1
395 9 10 1
231 7 8 1
3319 18 8 1
4287 16 8 1
2882 19 7 1
1320 9 9 1
5069 8 8 1
3562 17 9 1
2386 10 10 1
2714 18 7 1
2815 9 8 1
5488 11 10 1
984 19 6 1
3590 17 8 1
548 19 0 1
3907 10 9 1
1613 12 10 1
921 17 7 1
1942 10 8 1
387 9 5 1
3621 9 7 1
2353 19 1 1
1865 19 5 1
2217 18 6 1
4310 18 0 1
812 11 9 1
1398 18 5 1
5462 12 9 1
2922 19 4 1
228 19 2 1
273 10 7 1
4974 9 6 1
1651 10 5 1
3605 17 6 1
1136 13 10 1
2879 16 7 1
5068 17 0 1
4252 11 8 1
2076 14 7 1
2957 18 1 1
2103 17 5 1
4284 16 6 1
4446 18 2 1
2926 18 4 1
1301 11 7 1
3147 11 5 1
1492 19 3 1
5033 13 9 1
1438 17 1 1
2532 12 8 1
3398 10 6 1
423 16 0 1
4124 14 6 1
1990 15 7 1
4148 17 4 1
5513 13 8 1
3863 12 7 1
2788 11 6 1
1953 14 5 1
2732 18 3 1
4552 15 6 1
3423 17 2 1
2288 16 5 1
574 16 1 1
4062 15 5 1
813 13 7 1
760 17 3 1
5105 16 4 1
2148 12 6 1
5047 10 4 1
3343 16 2 1
2250 12 5 1
3846 15 4 1
1462 11 4 1
1106 13 6 1
1653 16 3 1
1420 10 3 1
2890 11 3 1
4858 15 3 1
4011 10 2 1
2193 12 4 1
764 14 4 1
4668 13 5 1
4225 15 2 1
546 12 3 1
5142 11 2 1
181 13 4 1
2277 14 3 1
67 10 1 1
3354 12 2 1
4605 15 1 1
3504 13 3 1
5482 11 1 1
3290 14 2 1
5304 10 0 1
4504 13 2 1
962 11 0 1
2494 15 0 1
1525 12 1 1
5517 14 1 1
374 13 1 1
578 14 0 1
2733 12 0 1
4080 13 0 1
1385 14 1 5
4172 10 0 6
1739 14 2 6
1239 11 0 6
370 12 1 6
4048 12 0 6
457 10 1 7
938 11 1 7
2626 12 3 7
2252 14 3 7
2835 15 2 7
1237 15 1 7
1875 15 0 7
1484 14 0 7
2822 17 3 8
3670 16 2 8
917 10 3 8
2797 16 3 8
3424 11 3 8
1604 12 6 8
230 10 4 8
1324 15 3 8
1025 11 4 8
4941 12 5 8
3665 10 2 8
3457 12 4 8
4257 11 2 8
4386 12 2 8
2040 16 0 9
1862 16 1 9
1519 17 1 9
3442 17 2 9
1817 11 5 9
76 19 3 9
4261 10 6 9
5431 11 6 9
668 12 8 9
4018 15 7 9
2711 13 9 9
3015 13 8 9
1964 14 5 9
2812 16 5 9
2331 13 10 10
2493 10 5 10
4061 17 0 10
3766 19 0 10
5402 9 5 10
3741 19 1 10
315 12 10 10
978 18 0 10
3561 9 6 10
2573 17 8 10
612 12 9 10
955 18 1 10
1978 10 9 10
4681 19 2 10
3332 18 2 10
5438 18 6 10
1363 17 7 10
2138 9 7 10
2757 10 8 10
3942 19 4 10
2190 10 7 10
3449 14 7 10
5222 18 3 10
362 17 6 10
5345 16 7 10
378 17 5 10
1048 14 6 10
3599 16 6 10
5494 15 6 10
1980 15 5 10
5061 12 3 10
5019 14 8 11
2756 15 8 11
3072 7 7 11
2853 16 8 11
4452 6 8 11
1036 16 10 11
3557 7 8 11
477 17 10 11
3412 18 10 11
133 9 8 11
1646 18 8 11
4428 11 11 11
5162 8 10 11
1393 18 7 11
4849 11 1 11
188 11 2 11
945 12 2 11
2189 6 7 12
1508 8 4 12
4028 6 6 12
3921 7 6 12
1152 14 9 12
4731 6 9 12
4637 12 11 12
3344 10 14 12
277 11 13 12
4632 7 9 12
3886 19 10 12
545 9 12 12
1219 8 11 12
4806 9 11 12
1309 10 0 12
2703 14 2 12
2123 14 1 12
2516 12 1 12
382 11 0 12
4607 12 0 12
1706 9 4 13
3830 9 2 13
2519 9 3 13
3843 8 2 13
2246 6 3 13
1480 8 3 13
3876 6 4 13
305 12 14 13
3873 6 5 13
5461 11 16 13
3961 11 14 13
4497 10 16 13
3769 14 10 13
4410 9 16 13
427 15 10 13
2032 13 13 13
1920 13 11 13
3000 15 9 13
1074 8 14 13
1458 8 12 13
3778 16 9 13
2276 8 13 13
3383 13 12 13
3098 12 13 13
3083 12 12 13
1857 17 9 13
1805 18 9 13
3817 11 12 13
1482 19 9 13
1061 19 8 13
2376 19 7 13
4056 19 6 13
1148 19 5 13
3333 18 5 13
1388 18 4 13
1503 17 4 13
1575 16 4 13
2622 15 4 13
4487 14 4 13
4715 9 0 14
1600 6 0 14
4771 9 1 14
914 8 0 14
2520 8 1 14
4709 6 1 14
1911 7 0 14
3528 7 1 14
1018 14 15 14
4561 12 16 14
2875 9 17 14
4291 6 14 14
791 7 16 14
2057 5 6 15
2464 5 5 15
1405 4 4 15
2638 5 4 15
562 5 0 15
3465 5 1 15
4468 15 15 15
1576 15 13 15
2006 5 3 15
5520 9 19 15
1863 7 18 15
1370 9 18 15
1135 6 16 15
4486 2 2 16
2571 16 15 16
3784 16 13 16
1798 14 11 16
4095 14 17 16
2718 6 18 16
2444 6 12 16
1867 4 16 16
1169 5 14 16
3868 6 17 16
3093 7 17 16
4793 2 4 17
4580 17 15 17
4042 17 13 17
519 15 11 17
3411 4 0 17
5283 4 1 17
4477 14 18 17
1232 15 17 17
163 16 16 17
4577 12 18 17
2387 5 8 18
1034 5 7 18
4121 5 6 18
5059 1 2 18
3008 0 3 18
2944 3 0 18
996 3 6 18
1507 19 14 18
2068 5 12 18
268 4 17 18
3436 4 13 18
1436 2 15 18
5182 4 14 18
780 5 13 18
3052 6 13 18
2870 1 4 19
4139 17 16 19
2979 18 14 19
3516 10 17 19
177 6 19 19
4929 7 10 19
1201 7 19 19
1157 8 19 19
4415 8 18 19
2534 8 17 19
3324 8 16 19
5242 3 7 20
5356 2 6 20
3328 16 11 20
1695 16 12 20
4076 15 18 20
113 15 12 20
3691 12 19 20
1242 3 17 20
1901 2 14 20
4102 14 12 20
5392 14 13 20
4689 12 3 20
5397 0 4 21
1023 1 1 21
2820 0 2 21
1620 0 3 21
66 19 15 21
5315 19 13 21
4350 18 16 21
4745 18 12 21
4516 17 11 21
3278 1 3 21
944 2 3 21
1783 18 13 21
5253 17 17 21
2447 15 19 21
4845 14 19 21
3393 13 19 21
141 2 16 21
4268 13 18 21
1753 17 5 21
174 5 9 22
5123 5 8 22
3334 4 8 22
4469 10 18 22
195 4 18 22
734 6 10 22
3169 14 7 22
3816 17 6 22
4765 14 6 22
3204 1 0 23
5096 1 6 23
4663 0 5 23
4708 2 7 23
357 2 0 23
2839 2 6 23
1609 2 1 23
340 3 1 23
5145 16 19 23
819 3 2 23
2579 0 15 23
1760 2 13 23
3655 2 17 23
5273 10 8 23
3739 19 4 23
3078 10 19 24
448 11 19 24
25 5 10 24
1723 11 18 24
2355 5 11 24
1803 11 17 24
5410 12 17 24
2752 6 11 24
1638 7 11 24
388 13 17 24
2663 7 12 24
5314 7 13 24
286 7 14 24
3350 12 13 24
1593 9 7 24
1414 17 7 24
3725 10 7 24
2489 16 7 24
3555 16 6 24
1780 15 6 24
3264 15 5 24
3339 10 2 24
4373 11 2 24
3235 12 2 24
5070 4 9 25
3818 4 11 25
2740 4 12 25
2849 4 19 25
1041 4 13 25
4424 5 19 25
4389 5 18 25
1275 5 17 25
5492 5 16 25
736 8 12 25
3154 8 14 25
412 15 9 25
1015 16 9 25
2723 8 13 25
2564 12 5 25
89 0 6 26
4023 0 5 26
3236 19 12 26
3281 19 11 26
1518 1 5 26
2228 19 16 26
3597 18 11 26
2730 18 16 26
590 17 11 26
3593 18 15 26
4854 17 12 26
1252 0 16 26
2349 0 14 26
998 1 13 26
582 17 15 26
1794 17 13 26
1954 1 14 26
5076 17 14 26
1071 1 16 26
4001 16 14 26
686 1 15 26
5320 15 14 26
4677 14 14 26
5428 13 14 26
128 13 13 26
4572 13 11 26
5457 13 12 26
3265 12 12 26
774 11 12 26
3453 19 2 26
4910 10 4 26
3974 15 3 26
2389 12 1 26
2911 3 9 27
2320 3 8 27
653 0 0 27
4805 19 17 27
761 0 1 27
4986 18 17 27
4863 0 2 27
4752 17 19 27
2576 0 3 27
3474 2 12 27
3238 1 3 27
1556 2 3 27
4064 14 10 27
442 15 10 27
4108 9 16 27
5353 15 9 27
4068 16 9 27
1080 17 9 27
2811 18 9 27
5261 9 10 27
1471 11 10 27
2864 12 6 27
564 14 2 27
4092 11 1 27
2596 14 1 27
559 1 17 28
3925 3 19 28
5004 3 18 28
3492 10 16 28
1345 9 11 28
1564 18 1 28
3672 18 2 28
201 18 3 28
4203 10 3 28
2799 16 5 28
45 11 3 28
1426 11 4 28
3594 12 4 28
3559 10 0 28
1626 11 0 28
3603 12 0 28
1321 2 19 29
834 2 18 29
3315 11 14 29
2140 8 11 29
2 9 12 29
1711 8 10 29
2789 11 11 29
3205 18 7 29
3795 12 9 29
4809 16 2 29
2786 16 3 29
1325 3 10 30
1055 4 10 30
698 0 7 30
4760 4 9 30
2015 1 7 30
4333 4 8 30
3379 19 18 30
1457 4 7 30
565 18 18 30
5211 4 6 30
2628 0 13 30
3763 17 18 30
4712 4 5 30
3459 2 11 30
4214 3 11 30
1001 3 12 30
3993 3 13 30
5185 3 14 30
4114 17 8 30
554 18 8 30
2621 7 9 30
4779 17 3 30
4529 14 5 30
486 2 9 31
793 0 17 31
811 1 17 31
3429 2 17 31
4135 6 16 31
3285 11 16 31
1848 11 13 31
2850 9 8 31
1411 9 6 31
2898 9 7 31
5260 10 7 31
3152 13 9 31
4476 13 8 31
4812 1 12 32
2449 1 13 32
4803 1 14 32
987 6 5 32
1108 9 14 32
510 9 13 32
210 15 7 32
463 12 8 32
4258 15 6 32
400 15 5 32
3768 1 8 33
521 2 8 33
3569 2 7 33
5502 9 19 33
4063 4 14 33
2952 9 18 33
713 7 18 33
3408 8 18 33
742 12 10 33
4728 18 0 33
840 12 9 33
4961 1 18 34
1424 1 17 34
2682 2 17 34
278 4 17 34
2236 3 17 34
4881 3 16 34
5013 4 2 34
2383 6 9 34
4027 6 8 34
3177 7 8 34
1110 12 11 34
4100 11 11 34
961 1 11 35
2909 19 19 35
2264 1 12 35
3112 18 19 35
2022 1 13 35
1615 18 18 35
3009 1 14 35
2051 17 18 35
2873 1 15 35
3421 16 18 35
3403 2 15 35
968 5 12 35
3181 16 17 35
4503 3 15 35
2959 15 17 35
4640 15 13 35
524 5 13 35
2615 4 15 35
2497 6 13 35
4041 15 16 35
4274 6 14 35
1873 14 16 35
3826 7 13 35
3390 5 15 35
3124 14 9 35
3754 13 16 35
1329 7 16 35
143 7 14 35
1379 15 9 35
4548 19 1 35
3462 18 1 35
4326 18 2 35
2735 9 17 36
1434 8 17 36
1579 13 15 36
3299 12 16 36
3021 8 16 36
769 7 7 36
1994 9 5 36
1947 9 6 36
3461 10 6 36
665 15 2 36
3376 15 1 36
3982 15 0 36
1207 14 0 36
1318 1 9 37
3375 15 15 37
5231 14 15 37
4123 8 3 37
5434 15 8 37
1146 16 8 37
1084 6 4 37
1894 16 9 37
1676 16 10 37
4296 8 5 37
1495 17 10 37
2483 18 10 37
3210 19 10 37
1685 19 14 38
3679 19 13 38
4079 19 12 38
3803 19 11 38
258 2 5 38
4232 18 11 38
1531 3 0 38
3585 3 1 38
2399 17 11 38
3207 3 2 38
4795 17 12 38
4990 17 13 38
967 17 14 38
758 16 14 38
1829 6 6 38
4031 19 3 38
528 11 5 38
14 11 6 38
1666 14 3 38
1766 2 16 39
525 8 2 39
2459 6 2 39
292 17 2 39
1885 17 5 39
641 12 3 39
1771 12 1 39
1126 0 8 40
4578 1 8 40
105 2 8 40
2367 2 7 40
3902 2 6 40
5405 3 6 40
4178 3 5 40
794 15 12 40
5418 12 19 40
3006 3 4 40
4890 14 12 40
3992 3 3 40
2056 7 0 40
2717 14 13 40
237 4 3 40
1005 16 1 40
798 10 4 40
4074 15 3 40
1364 11 4 40
5301 12 5 40
3540 10 2 40
3888 12 4 40
1740 14 1 40
930 15 19 41
2354 17 17 41
4901 14 19 41
2743 16 17 41
5481 5 0 41
5473 12 18 41
2866 13 19 41
2435 5 1 41
1163 15 17 41
4209 5 14 41
2142 13 18 41
4956 5 2 41
1487 13 17 41
3097 13 11 41
3037 8 14 41
4937 13 12 41
3165 19 0 41
5385 9 10 41
2033 19 1 41
1995 19 2 41
3810 11 10 41
266 17 7 41
3385 16 7 41
4423 12 6 41
1247 11 1 41
4855 11 2 41
2652 14 2 41
3575 12 2 41
4866 0 12 42
800 1 12 42
841 1 13 42
831 18 13 42
1977 1 14 42
809 17 13 42
3136 2 14 42
992 6 12 42
5357 4 16 42
2368 6 1 42
4824 9 2 42
5045 9 3 42
2476 8 3 42
2275 9 16 42
3812 8 12 42
2746 8 13 42
607 17 9 42
309 9 13 42
4481 18 9 42
1538 17 0 42
1187 17 1 42
746 18 1 42
2604 18 2 42
2382 18 3 42
2254 6 18 43
2845 6 17 43
249 7 17 43
4720 14 10 43
4828 15 10 43
1256 13 13 43
526 16 10 43
5329 17 10 43
1117 12 13 43
543 12 12 43
2533 18 10 43
1367 19 10 43
1103 11 12 43
5334 19 9 43
1810 19 4 43
963 17 3 43
1185 14 5 43
4859 4 4 44
219 16 16 44
765 8 0 44
2906 15 16 44
2492 5 4 44
3688 7 9 44
2755 17 6 44
1290 16 6 44
2458 2 12 45
3765 0 16 45
3199 1 2 45
2734 1 16 45
4275 2 13 45
4780 2 16 45
1876 15 18 45
1610 7 10 45
4743 2 15 45
624 9 1 45
3770 17 8 45
4899 18 8 45
3483 19 8 45
5349 11 9 45
331 1 19 46
4753 0 15 46
3245 16 19 46
380 17 19 46
1 4 13 46
2406 17 18 46
3631 2 1 46
2694 6 10 46
2325 3 1 46
304 3 2 46
3400 6 0 46
2251 6 1 46
4877 10 5 46
983 11 5 46
1019 11 6 46
5467 14 7 46
1970 14 6 46
3155 15 6 46
4813 15 5 46
916 2 10 47
1450 2 9 47
2179 2 8 47
2403 0 13 47
529 2 7 47
3862 2 11 47
2932 0 14 47
3759 3 11 47
3512 18 12 47
2073 16 11 47
3188 4 19 47
5270 18 13 47
2528 1 14 47
531 5 19 47
4502 17 13 47
3340 5 11 47
2065 16 12 47
1776 2 14 47
1587 6 19 47
3145 15 12 47
3244 6 11 47
786 5 18 47
3839 14 18 47
3163 7 19 47
2272 7 11 47
2419 5 17 47
990 8 19 47
3677 7 12 47
1489 5 16 47
3785 7 13 47
621 14 16 47
4189 8 18 47
785 8 17 47
4761 7 14 47
4376 8 16 47
865 8 4 47
4908 10 0 47
622 11 0 47
1722 12 0 47
4627 0 18 48
1297 0 1 48
2800 19 16 48
4772 1 18 48
1774 0 2 48
2456 18 16 48
4154 1 17 48
504 0 3 48
3187 18 15 48
693 2 17 48
991 1 3 48
493 17 15 48
604 2 3 48
232 14 11 48
3056 9 0 48
4314 9 1 48
2462 14 12 48
1269 14 13 48
1165 8 1 48
2928 8 10 48
1357 18 7 48
850 16 2 48
221 10 3 48
1765 16 5 48
4077 16 3 48
5234 11 3 48
2486 11 4 48
1396 12 4 48
3542 0 5 49
1428 1 5 49
3437 2 5 49
1542 4 11 49
3076 19 17 49
2637 4 12 49
4658 3 12 49
4393 18 17 49
5223 3 13 49
5507 17 17 49
4691 3 14 49
1616 16 17 49
3617 11 18 49
1617 15 17 49
1167 14 17 49
5077 10 16 49
3943 9 12 49
1096 1 6 50
567 2 0 50
2810 4 18 50
4158 4 8 50
3998 3 19 50
2083 2 6 50
1316 3 6 50
3495 5 6 50
1060 3 18 50
409 2 1 50
4973 3 17 50
5465 3 1 50
5436 4 0 50
5177 4 1 50
4356 3 16 50
4496 5 1 50
5179 6 1 50
2231 7 1 50
2434 7 2 50
5016 10 18 51
1456 18 14 51
490 17 14 51
4644 10 17 51
3650 11 17 51
2478 12 17 51
4979 13 17 51
2094 8 11 51
3519 9 11 51
1888 18 0 51
3693 18 1 51
2306 10 8 51
1908 18 2 51
4853 18 3 51
616 0 9 52
4638 0 8 52
5029 1 8 52
721 2 8 52
3138 2 7 52
2931 5 8 52
5293 3 7 52
1594 4 8 52
467 4 7 52
3856 16 15 52
182 16 13 52
2996 16 14 52
2769 14 9 52
5430 7 16 52
3697 15 9 52
1342 15 10 52
3361 6 7 52
1230 16 10 52
5452 6 6 52
1474 17 10 52
3901 18 10 52
3496 19 10 52
5111 19 9 52
443 19 8 52
5252 19 7 52
5124 19 6 52
1775 19 5 52
4747 18 5 52
4576 18 4 52
1799 17 4 52
5165 16 4 52
2739 15 4 52
222 14 4 52
3226 5 10 53
4141 5 11 53
5226 5 5 53
300 6 11 53
3194 7 11 53
4014 7 12 53
5140 7 13 53
2659 7 14 53
2067 0 11 54
2213 0 12 54
3220 0 0 54
4293 0 13 54
3336 1 0 54
3127 0 14 54
4757 1 1 54
3548 1 14 54
1501 2 1 54
2282 2 14 54
3914 3 1 54
3357 3 14 54
3473 3 2 54
3094 3 15 54
3842 5 13 54
4130 6 13 54
2143 4 15 54
1214 6 14 54
130 5 15 54
5117 6 15 54
2960 7 15 54
60 8 15 54
1328 9 15 54
4226 9 8 54
4414 13 9 54
3508 9 7 54
4070 10 7 54
244 19 18 55
1802 19 17 55
5137 18 17 55
2636 17 17 55
4995 16 17 55
5201 15 17 55
738 15 13 55
2426 15 14 55
2766 14 17 55
2119 13 17 55
1502 14 14 55
4951 13 14 55
1384 13 16 55
3216 12 16 55
2706 12 14 55
2651 12 15 55
2001 11 15 55
2235 11 1 55
2987 11 2 55
1779 14 2 55
3916 12 2 55
826 0 6 56
2467 1 6 56
2165 2 6 56
3651 3 8 56
1946 11 13 56
70 16 7 56
2829 16 6 56
2086 16 5 56
3446 13 7 56
1272 14 3 56
5421 1 10 57
766 2 10 57
726 2 9 57
485 2 8 57
4325 2 2 57
475 3 2 57
3567 12 11 57
1173 11 11 57
1399 19 3 57
3649 5 9 58
5276 7 5 58
1746 7 6 58
1750 10 0 58
2507 11 0 58
426 14 0 58
4834 12 0 58
2808 0 7 59
3229 4 10 59
2379 1 7 59
2678 2 7 59
4013 4 9 59
2405 3 7 59
3306 4 8 59
899 5 12 59
4880 5 13 59
1935 6 13 59
5190 6 9 59
2407 6 8 59
4045 7 8 59
4920 17 0 59
3061 13 10 59
5351 17 1 59
5219 12 10 59
2080 18 1 59
651 12 9 59
3166 11 10 59
3920 17 7 59
3010 16 7 59
829 16 6 59
411 16 5 59
4210 5 7 60
1870 4 7 60
3486 3 0 60
4558 3 1 60
2719 4 6 60
2955 3 2 60
3193 4 5 60
5511 3 3 60
3133 4 4 60
1866 14 8 60
2750 14 9 60
4911 15 9 60
2865 15 10 60
4115 16 10 60
4357 17 10 60
436 18 10 60
4686 18 9 60
1308 19 10 60
2742 19 9 60
2522 19 8 60
3928 16 2 60
262 16 3 60
34 10 3 60
1093 11 3 60
795 11 4 60
2692 12 4 60
4065 0 19 61
1985 0 18 61
3118 1 18 61
5290 2 18 61
5066 3 18 61
3433 1 15 61
3578 3 17 61
852 16 18 61
2780 2 15 61
1021 4 2 61
4506 7 18 61
2801 6 16 61
1116 16 9 61
2108 17 9 61
3246 17 8 61
2416 8 10 61
1919 19 0 61
2795 9 10 61
4705 19 1 61
4024 19 2 61
5375 18 2 61
2953 18 3 61
4544 15 0 61
3031 7 10 62
3167 2 16 62
2772 7 11 62
3428 3 16 62
1293 15 18 62
2527 9 0 62
480 7 12 62
115 9 1 62
386 7 13 62
456 8 1 62
594 6 13 62
2317 14 16 62
3466 6 14 62
2319 7 1 62
3395 7 2 62
2127 7 3 62
3629 9 4 62
2940 15 2 62
1950 15 1 62
3478 14 1 62
3132 11 19 63
4510 11 18 63
344 11 17 63
5215 12 17 63
2684 9 18 63
2690 8 14 63
4 8 12 63
4211 8 13 63
3999 13 12 63
1569 9 13 63
3755 13 11 63
5272 12 11 63
3450 11 11 63
2185 15 7 63
2279 16 7 63
482 16 6 63
1496 16 5 63
2037 10 2 63
5455 10 1 63
3909 10 0 63
3573 11 0 63
5391 12 1 63
1017 12 0 63
3953 2 13 64
4505 2 14 64
4619 2 15 64
3171 3 15 64
4282 5 2 64
2358 4 15 64
1097 9 16 64
3085 9 5 64
3732 9 6 64
1497 10 6 64
5399 10 7 64
915 14 7 64
435 18 4 64
2479 17 3 64
4700 14 6 64
4550 14 5 64
4351 15 6 64
4131 15 5 64
1719 15 3 64
645 13 6 64
3620 12 3 64
5447 18 19 65
4787 18 18 65
1893 1 4 65
3170 18 17 65
5159 17 17 65
2034 18 15 65
5195 17 16 65
1728 16 17 65
368 17 15 65
4696 15 17 65
3250 15 11 65
2924 14 18 65
4762 14 11 65
2116 14 17 65
1791 9 2 65
5255 9 3 65
789 8 3 65
1882 19 4 65
5470 3 9 66
5196 19 12 66
5008 4 9 66
2838 1 17 66
4488 4 8 66
1303 0 3 66
4409 2 17 66
2710 4 7 66
4055 1 3 66
2239 4 6 66
2908 2 4 66
5003 3 17 66
790 4 5 66
72 2 3 66
3976 4 17 66
1623 4 4 66
4256 3 3 66
3634 4 3 66
247 13 18 66
689 13 17 66
4871 5 3 66
135 13 16 66
5297 6 3 66
928 6 4 66
2939 15 8 66
2156 16 8 66
751 17 8 66
3720 19 7 66
5072 18 8 66
832 19 6 66
779 18 7 66
4265 19 5 66
2007 18 6 66
4694 18 5 66
2139 17 5 66
4555 12 7 66
869 6 19 67
648 7 19 67
1359 16 12 67
796 15 12 67
1211 8 19 67
1016 8 18 67
3381 14 12 67
1057 8 17 67
3632 14 13 67
1338 8 16 67
4667 11 5 67
927 19 13 68
3895 19 12 68
3077 19 11 68
5437 18 11 68
1589 17 11 68
2392 17 12 68
977 4 14 68
956 12 12 68
3525 11 12 68
619 1 16 69
3396 4 19 69
3870 2 16 69
2566 5 19 69
3425 18 13 69
4495 5 18 69
4931 5 17 69
4230 17 13 69
1403 13 19 69
417 5 16 69
2244 17 14 69
4458 13 18 69
1493 5 14 69
279 17 2 69
1818 17 3 69
2830 17 4 69
254 10 19 70
2948 11 19 70
2902 11 18 70
4340 6 0 70
3089 11 17 70
5158 12 17 70
37 9 12 70
4875 10 5 70
3129 11 5 70
3736 4 1 71
5189 5 1 71
725 8 2 71
1945 6 2 71
3173 14 15 71
4635 11 15 71
3267 9 7 71
5489 10 7 71
4711 13 5 71
5151 0 17 72
5032 6 10 72
1930 1 17 72
4288 7 10 72
4829 7 11 72
5495 16 11 72
337 7 12 72
1559 16 12 72
4160 9 19 72
3556 7 13 72
2889 6 13 72
3348 8 19 72
4938 15 12 72
2598 6 14 72
2161 8 18 72
579 14 12 72
3936 8 17 72
1050 14 13 72
3426 8 16 72
3829 6 7 72
1730 9 14 72
1820 13 9 72
1891 12 9 72
1291 10 4 72
2749 4 11 73
3951 4 12 73
2281 18 16 73
5407 17 16 73
3781 17 15 73
753 15 15 73
3251 13 13 73
5414 12 13 73
1674 12 12 73
5325 7 7 73
3269 11 12 73
1253 1 9 74
1982 2 5 74
1644 2 9 74
1162 2 6 74
2887 2 8 74
5243 2 19 74
3081 2 7 74
815 2 18 74
1344 3 7 74
2900 4 7 74
4913 4 0 74
4329 4 1 74
2726 18 0 74
2913 19 0 74
2992 19 1 74
2038 19 2 74
3349 10 8 74
1532 10 3 74
4381 11 3 74
3252 11 4 74
1847 19 19 75
4047 18 19 75
4927 0 2 75
4915 0 14 75
5138 18 18 75
246 17 18 75
4237 5 6 75
3292 1 14 75
58 18 12 75
5426 17 17 75
251 5 0 75
3464 14 19 75
2323 16 17 75
4671 18 13 75
1284 12 18 75
241 13 19 75
3728 15 17 75
416 17 13 75
4732 6 12 75
3865 5 1 75
191 17 14 75
4838 14 17 75
1988 13 18 75
234 6 1 75
1777 6 13 75
2468 13 17 75
613 6 14 75
3382 16 14 75
1137 13 16 75
2172 15 14 75
1150 12 16 75
4221 11 16 75
481 10 16 75
1668 17 3 75
4782 1 11 76
77 0 11 76
632 0 12 76
1197 0 13 76
4600 0 4 76
5095 1 13 76
390 0 3 76
833 1 3 76
5332 2 3 76
3014 7 17 76
4173 8 17 76
1032 8 16 76
3359 6 5 76
318 6 6 76
4167 7 6 76
74 14 10 76
2754 15 10 76
1240 16 10 76
2258 9 11 76
4652 7 9 76
5350 16 9 76
1002 16 8 76
1843 18 7 76
2782 18 6 76
1916 16 1 76
1960 12 1 76
3326 2 11 77
5453 3 19 77
1680 3 11 77
2232 4 13 77
428 2 19 77
570 3 12 77
1636 3 13 77
2375 2 18 77
5055 2 13 77
4299 2 17 77
3329 3 17 77
87 2 14 77
3802 2 15 77
3317 4 17 77
36 4 16 77
2965 5 4 77
2570 7 0 77
4032 7 1 77
2126 7 2 77
4402 7 14 77
2227 19 9 77
4008 18 3 77
1483 18 1 77
2936 18 2 77
1648 16 5 77
1340 10 2 77
5499 15 0 77
2233 10 1 77
1915 10 0 77
4078 15 1 77
3364 11 0 77
4523 14 1 77
1277 12 0 77
5342 19 16 78
561 18 16 78
3869 17 16 78
591 17 15 78
447 6 17 78
5023 17 14 78
703 6 16 78
4924 8 11 78
4169 8 10 78
223 9 10 78
2234 8 9 78
109 13 10 78
2441 17 9 78
3090 12 10 78
2302 11 10 78
1742 17 0 78
5419 17 1 78
4996 16 6 78
5274 17 2 78
4573 16 2 78
1627 16 3 78
3298 14 3 78
2296 2 1 79
1490 3 1 79
887 12 19 79
3114 15 16 79
110 3 14 79
3460 3 4 79
555 3 2 79
617 3 15 79
4049 13 19 79
3134 13 18 79
2700 16 13 79
2196 7 18 79
3841 7 17 79
1758 16 14 79
5362 7 16 79
1941 15 14 79
3643 11 13 79
2583 15 7 79
196 16 7 79
5460 13 7 79
4434 13 6 79
781 15 3 79
4308 12 3 79
347 0 5 80
3139 1 5 80
4096 2 5 80
4034 2 6 80
4867 4 2 80
3131 19 10 80
2102 19 9 80
2377 19 8 80
2106 15 6 80
2182 6 11 81
2259 6 12 81
5263 9 4 81
100 7 4 81
4840 14 7 81
2128 19 4 81
55 18 4 81
4105 14 6 81
5379 14 5 81
281 15 5 81
3780 15 2 81
2335 14 2 81
937 0 1 82
3287 1 12 82
5184 0 2 82
3517 1 13 82
452 2 13 82
1251 2 14 82
2218 16 18 82
5002 14 16 82
3804 9 2 82
1406 9 3 82
688 6 9 82
1270 6 8 82
5228 7 8 82
3644 11 1 82
2307 11 2 82
2454 12 2 82
209 3 8 83
3484 3 7 83
434 19 14 83
4315 18 17 83
935 19 13 83
989 17 17 83
2747 18 15 83
1444 18 13 83
3815 16 17 83
2011 17 15 83
5485 17 13 83
1199 15 17 83
2962 15 11 83
4368 8 0 83
2023 8 1 83
3743 17 14 83
2609 14 11 83
5359 7 1 83
4888 14 12 83
629 7 2 83
2425 14 13 83
1816 9 17 83
3286 9 16 83
3108 12 15 83
4977 17 10 83
1565 18 10 83
1121 18 9 83
3327 18 8 83
4379 9 5 83
5125 9 6 83
24 10 6 83
1439 0 16 84
3360 1 16 84
5468 2 2 84
4615 1 15 84
2078 5 12 84
3415 2 15 84
3660 3 15 84
4058 5 13 84
1759 6 13 84
1973 6 14 84
3017 15 13 84
3242 13 12 84
3946 13 11 84
3793 12 11 84
1466 11 11 84
3918 19 3 84
2063 19 4 84
2818 18 4 84
5161 3 5 85
2691 10 17 85
4958 11 17 85
584 16 15 85
1718 12 17 85
677 16 14 85
3926 15 14 85
4240 8 13 85
134 9 13 85
3591 16 0 85
1986 17 0 85
2019 17 1 85
2915 17 2 85
1449 16 2 85
2216 16 3 85
3276 0 0 86
1143 1 0 86
4865 17 19 86
2805 1 1 86
3221 17 18 86
3192 1 2 86
5050 17 17 86
4659 16 16 86
4788 15 19 86
1066 16 17 86
431 14 19 86
3432 15 17 86
3984 4 10 87
4656 3 10 87
635 5 8 87
2059 3 9 87
5294 4 8 87
4007 3 8 87
1027 2 12 87
4276 3 7 87
1712 2 13 87
5493 1 4 87
5433 1 3 87
1641 2 14 87
1311 2 3 87
1437 2 15 87
1884 3 15 87
3572 4 14 87
2337 3 3 87
4964 5 14 87
3735 10 4 87
4836 11 4 87
638 14 0 87
5409 0 8 88
4613 1 8 88
566 5 5 88
2421 9 0 88
818 4 16 88
2028 6 0 88
4817 9 1 88
1856 8 1 88
5475 4 15 88
3325 7 0 88
472 5 2 88
3719 10 16 88
5300 14 8 88
3721 14 9 88
4179 15 9 88
1335 13 9 88
4235 12 9 88
41 10 5 88
1104 11 5 88
4498 15 0 88
802 15 1 88
1702 14 1 88
5244 0 19 89
4922 0 18 89
3997 1 18 89
3558 2 18 89
671 18 11 89
2744 16 19 89
1332 3 18 89
5011 4 18 89
3190 15 19 89
596 3 17 89
4134 5 19 89
2230 17 11 89
3995 4 17 89
891 14 19 89
4401 5 18 89
5515 17 12 89
450 5 17 89
1879 14 18 89
708 11 16 89
4636 5 16 89
1797 12 16 89
21 6 7 89
4220 10 15 89
4551 6 8 89
4040 8 12 89
4254 7 9 89
270 7 8 89
2559 9 12 89
4816 9 11 89
4229 16 8 89
2967 18 7 89
4882 16 1 89
433 16 2 89
2404 18 6 89
5135 10 2 89
4312 10 1 89
1292 10 0 89
1913 11 0 89
5289 12 1 89
3119 12 0 89
514 0 7 90
3213 0 6 90
4106 19 15 90
1307 18 15 90
1822 6 18 90
10 17 15 90
4826 15 12 90
853 15 13 90
255 8 14 90
3648 14 10 90
2336 15 10 90
5307 16 10 90
1397 16 9 90
4066 17 9 90
1658 9 9 90
4608 11 9 90
4991 16 5 90
2158 11 6 90
3228 10 3 90
1662 11 3 90
1656 11 4 90
2667 14 3 90
2043 19 17 91
1459 5 10 91
4811 5 11 91
494 11 18 91
4672 5 12 91
245 12 18 91
5374 12 17 91
3295 5 0 91
4936 5 1 91
1120 6 1 91
1850 7 1 91
3501 7 2 91
675 19 2 91
4750 16 6 91
257 1 10 92
1094 2 10 92
4394 2 9 92
4111 2 8 92
787 1 8 92
1645 1 7 92
1828 1 6 92
659 1 14 92
4549 2 14 92
1972 2 6 92
1745 9 19 92
2487 8 19 92
2455 18 14 92
397 15 3 92
4442 12 3 92
1785 5 7 93
4303 5 8 93
1255 4 8 93
136 3 8 93
3523 2 16 93
4963 3 7 93
878 8 16 93
5474 6 5 93
4905 6 6 93
4436 7 6 93
3717 19 7 93
960 19 6 93
694 19 5 93
2220 18 5 93
5133 18 3 93
2685 13 5 93
4186 12 1 93
3727 19 11 94
1540 18 11 94
1427 2 0 94
1465 3 0 94
401 16 11 94
2268 9 18 94
5476 5 6 94
492 3 1 94
2047 16 12 94
5417 8 18 94
828 5 13 94
1756 15 12 94
240 3 2 94
4459 5 14 94
5322 6 13 94
50 15 13 94
4857 5 4 94
2647 6 4 94
3633 13 8 94
3673 13 9 94
4482 13 10 94
3202 7 7 94
1181 9 10 94
2727 15 8 94
3879 16 8 94
2701 17 8 94
573 13 6 94
4015 3 12 95
1764 0 14 95
747 3 13 95
1720 0 15 95
1029 1 15 95
5005 11 19 95
3011 7 19 95
4483 2 4 95
2558 7 18 95
5044 7 5 95
1535 6 9 95
2984 7 9 95
3121 19 0 95
3850 19 1 95
4993 15 7 95
3218 9 5 95
3809 16 7 95
1485 9 6 95
5078 10 6 95
