751000
2034
173 9 0 1
2431 9 1 1
3115 10 0 1
3827 11 0 1
706 10 1 1
2935 9 8 1
481 9 2 1
3460 9 7 1
1840 10 8 1
1681 11 1 1
1810 10 2 1
2620 9 3 1
3735 12 0 1
500 9 6 1
125 10 3 1
3516 10 7 1
3657 11 2 1
2439 11 8 1
2445 12 1 1
3627 9 4 1
1347 19 0 1
1504 13 0 1
1824 11 7 1
2478 12 2 1
2348 9 5 1
449 12 8 1
3628 13 1 1
2130 14 0 1
971 11 3 1
4222 10 6 1
577 10 4 1
1322 19 1 1
4234 18 0 1
2995 12 3 1
4233 13 8 1
4157 14 1 1
2919 13 2 1
3019 19 2 1
457 15 0 1
409 12 7 1
974 10 5 1
2525 11 6 1
2565 11 4 1
889 18 1 1
3517 17 0 1
3872 13 3 1
2902 17 1 1
1351 12 6 1
3729 15 1 1
387 12 4 1
3675 19 3 1
3418 16 0 1
887 14 2 1
994 13 7 1
2484 11 5 1
1520 18 2 1
2184 13 6 1
1253 13 4 1
3776 15 2 1
1759 19 4 1
4102 17 2 1
3471 14 3 1
704 18 3 1
4117 12 5 1
3797 16 1 1
932 9 12 1
2288 18 4 1
3941 15 3 1
2036 19 5 1
2126 16 2 1
995 14 4 1
3077 13 5 1
231 9 11 1
1377 9 9 1
2503 12 14 1
542 17 3 1
1000 10 12 1
794 11 12 1
2314 10 11 1
3802 9 10 1
3869 12 13 1
2381 10 9 1
213 14 5 1
373 16 3 1
2863 15 4 1
3715 13 14 1
1301 17 4 1
915 19 6 1
3956 18 5 1
767 11 11 1
3570 15 5 1
2443 14 14 1
40 17 5 1
2038 10 10 1
468 12 12 1
138 18 6 1
3850 11 9 1
2327 14 6 1
1594 19 7 1
1884 13 13 1
1686 16 4 1
1782 13 12 1
3271 16 5 1
3506 11 10 1
2393 15 14 1
451 17 6 1
21 15 6 1
2414 12 9 1
3617 12 11 1
1465 14 13 1
1434 18 7 1
3734 14 7 1
394 19 8 1
2058 17 7 1
2670 16 6 1
1734 18 8 1
2773 19 9 1
3661 13 11 1
611 15 13 1
2274 13 9 1
2768 14 8 1
3035 14 12 1
3914 15 7 1
979 12 10 1
731 15 12 1
2397 19 10 1
1546 13 10 1
3344 18 9 1
2312 14 9 1
2710 14 11 1
453 15 8 1
496 16 7 1
827 17 8 1
6 17 9 1
491 19 11 1
2527 15 9 1
2272 14 10 1
2851 15 11 1
1044 18 10 1
144 16 8 1
4193 18 11 1
1512 19 12 1
2904 16 9 1
91 15 10 1
2544 17 10 1
1968 19 19 1
3256 18 12 1
3362 16 10 1
3303 17 11 1
2219 19 13 1
1829 19 18 1
1433 16 11 1
114 17 12 1
2588 18 13 1
851 18 19 1
3188 19 14 1
3878 19 15 1
2845 19 17 1
3273 17 13 1
499 17 19 1
230 16 12 1
3266 18 14 1
1282 18 18 1
3851 16 19 1
18 19 16 1
888 18 17 1
712 17 18 1
822 17 14 1
849 16 13 1
2198 18 15 1
713 16 14 1
157 16 18 1
3070 17 15 1
3282 17 17 1
2442 15 19 1
3428 18 16 1
2772 14 19 1
281 15 18 1
1842 16 15 1
2386 16 17 1
2549 17 16 1
4169 14 18 1
3378 16 16 1
159 15 15 1
1694 13 19 1
3172 15 17 1
859 14 17 1
1194 12 19 1
2428 14 15 1
1415 15 16 1
1826 13 18 1
2406 13 17 1
657 14 16 1
3742 11 19 1
1870 13 15 1
2763 12 18 1
572 12 15 1
3830 13 16 1
3952 12 17 1
2373 10 19 1
3333 11 18 1
2047 9 19 1
2287 12 16 1
2169 10 18 1
869 11 17 1
3068 9 18 1
1143 10 17 1
3158 11 16 1
1757 8 19 1
3504 11 13 1
3232 10 16 1
2989 11 15 1
3529 9 17 1
563 7 19 1
1101 8 18 1
436 10 13 1
63 9 16 1
1412 10 15 1
1931 7 18 1
2688 6 19 1
3891 0 19 1
291 8 11 1
3252 8 17 1
696 11 14 1
2286 0 18 1
1987 7 11 1
1075 1 19 1
3763 8 16 1
2505 10 14 1
4045 6 18 1
1901 8 12 1
2315 9 13 1
1944 5 19 1
607 7 17 1
1154 9 15 1
3670 4 19 1
3263 0 17 1
2856 8 13 1
458 7 16 1
3700 8 15 1
815 2 19 1
3326 6 11 1
2597 9 14 1
3809 7 12 1
2626 5 18 1
579 6 17 1
2980 1 18 1
3215 3 19 1
2955 6 12 1
2177 8 14 1
2874 1 17 1
164 6 16 1
3021 4 18 1
3688 0 16 1
2661 5 11 1
3486 2 18 1
3227 5 17 1
2868 7 13 1
3001 7 15 1
469 4 17 1
3242 6 15 1
3305 1 16 1
3808 5 12 1
3185 7 14 1
4041 4 11 1
1536 5 16 1
1777 6 13 1
2563 3 18 1
3293 2 17 1
3370 0 15 1
741 2 16 1
3604 6 14 1
1272 3 17 1
2510 4 12 1
2244 1 15 1
602 5 15 1
3597 5 13 1
1404 0 14 1
2968 4 16 1
2303 1 14 1
1125 5 14 1
623 0 13 1
2553 2 15 1
1918 3 16 1
3399 4 15 1
2720 4 13 1
1226 3 15 1
1917 2 14 1
3547 4 14 1
2173 0 12 1
3849 1 13 1
3448 3 14 1
735 2 13 1
1371 0 11 1
2757 1 12 1
3913 8 10 1
3262 2 12 1
119 0 10 1
7 1 11 1
2637 3 13 1
2402 1 10 1
4173 7 10 1
1358 8 9 1
2230 0 9 1
1873 2 11 1
2490 3 12 1
3515 8 8 1
3482 1 9 1
2151 7 9 1
307 2 10 1
2513 6 10 1
4152 0 8 1
2731 3 11 1
1693 3 10 1
2739 1 8 1
417 6 9 1
2027 7 8 1
2012 5 10 1
1285 0 7 1
1002 2 9 1
272 8 7 1
891 4 10 1
3600 8 6 1
3939 7 7 1
680 1 7 1
1389 5 9 1
2985 3 9 1
2384 2 8 1
51 6 8 1
943 0 6 1
1355 6 7 1
1251 3 8 1
872 8 5 1
574 0 5 1
1136 7 6 1
2678 1 6 1
2847 2 7 1
1550 4 9 1
3649 5 8 1
2465 1 5 1
73 3 7 1
847 0 4 1
1514 4 8 1
559 7 5 1
3582 8 4 1
3599 6 6 1
315 2 6 1
4151 5 7 1
1844 5 6 1
1979 6 5 1
1638 4 7 1
14 1 4 1
587 7 4 1
3228 8 3 1
1438 2 5 1
2046 3 6 1
3020 8 2 1
1927 5 5 1
3473 3 5 1
2839 6 4 1
2900 4 6 1
2254 2 4 1
24 7 3 1
2061 5 4 1
378 6 3 1
3240 8 1 1
2237 7 2 1
1121 3 4 1
2841 4 5 1
3606 6 2 1
777 5 3 1
528 4 4 1
1799 7 1 1
2071 8 0 1
107 4 3 1
622 6 1 1
4007 7 0 1
105 5 2 1
2375 4 2 1
2194 6 0 1
1439 5 1 1
498 3 3 1
3951 2 3 1
1335 5 0 1
1527 4 1 1
1565 3 2 1
2550 0 3 1
2770 2 2 1
1933 4 0 1
2338 1 3 1
1145 3 1 1
2606 0 2 1
1911 3 0 1
3195 0 1 1
646 1 2 1
3815 2 1 1
612 0 0 1
3099 2 0 1
2285 1 1 1
1066 1 0 1
3435 0 0 5
3325 1 1 5
2170 0 1 6
1591 0 3 6
136 0 2 6
3917 1 3 6
2767 1 2 6
3629 2 2 6
2362 3 1 6
1835 2 1 6
15 2 3 7
122 3 3 7
2522 3 2 7
3222 5 2 7
771 5 1 7
2421 8 1 8
3036 4 5 8
452 8 0 8
330 7 1 8
926 5 3 8
1595 7 0 8
2915 4 6 9
1004 8 2 9
336 7 3 9
1531 6 4 9
2002 2 4 9
1138 6 3 9
1761 7 2 9
3002 6 2 9
3051 6 1 9
4069 6 0 9
202 5 0 9
649 8 3 10
2714 8 4 10
1939 5 7 10
3008 4 8 10
3425 0 4 10
2809 7 4 10
153 4 7 10
227 1 4 10
174 7 5 10
3620 3 7 10
922 2 6 10
4218 3 6 10
3032 6 5 10
3165 8 7 11
132 7 7 11
878 6 7 11
265 6 8 11
1383 5 8 11
1574 5 9 11
3104 8 5 11
2774 0 6 11
69 8 6 11
2844 0 5 11
1260 7 6 11
1640 6 6 11
998 5 6 11
4010 5 5 11
2616 5 4 11
2102 8 8 12
3374 8 9 12
863 7 8 12
3186 8 10 12
3992 7 9 12
353 3 14 12
3823 7 10 12
2367 6 9 12
374 3 13 12
372 6 10 12
3745 5 10 12
2723 3 12 12
1305 2 13 12
427 2 12 12
1199 3 11 12
619 4 10 12
482 4 9 12
1723 2 11 12
4100 1 12 12
3419 3 10 12
2886 2 10 12
1853 0 10 12
1499 3 9 12
3521 2 9 12
2387 0 9 12
2600 3 8 12
502 0 8 12
1033 2 8 12
461 2 7 12
545 0 7 12
3653 6 13 13
299 6 14 13
3438 4 12 13
2696 5 13 13
3320 4 13 13
2159 3 18 13
1160 5 14 13
2947 4 16 13
1865 4 14 13
1583 3 17 13
2830 3 16 13
1978 2 17 13
1606 2 16 13
3046 1 15 13
2329 0 15 13
3006 0 14 13
3476 0 16 14
2519 0 17 14
3394 1 16 14
1054 1 17 14
3727 4 11 14
2372 1 18 14
2424 5 11 14
282 2 18 14
262 5 12 14
489 6 11 14
3456 6 12 14
2686 9 14 14
2226 7 12 14
4028 8 14 14
112 7 16 14
905 4 17 14
901 8 15 14
2970 6 17 14
1428 6 16 14
3710 6 19 15
727 7 19 15
2305 6 18 15
1628 7 18 15
1189 7 17 15
2253 8 18 15
2035 8 17 15
2043 8 16 15
390 9 17 15
1146 9 16 15
341 9 15 15
16 0 18 15
2533 11 15 15
1494 0 19 15
1925 11 14 15
3777 7 11 15
1133 1 19 15
3963 8 11 15
3822 2 19 15
3038 8 12 15
1897 3 19 15
2994 4 19 15
3218 4 18 15
4176 5 19 15
3747 5 18 15
2758 5 17 15
2214 5 16 15
674 15 17 16
3759 15 15 16
2343 13 19 16
370 8 19 16
3110 12 19 16
1548 13 18 16
3050 14 17 16
1444 14 15 16
4076 13 17 16
1523 9 19 16
879 13 15 16
1518 12 18 16
4027 11 19 16
1682 10 19 16
3391 11 18 16
996 12 15 16
2089 9 18 16
2679 12 17 16
3900 10 18 16
2593 11 17 16
1045 10 17 16
3431 11 13 16
721 17 12 17
3936 19 14 17
267 18 19 17
2769 14 19 17
3982 18 13 17
2420 19 17 17
280 17 13 17
637 17 19 17
629 18 14 17
3607 15 19 17
3196 19 15 17
2617 14 18 17
2308 15 18 17
2709 16 19 17
3436 17 14 17
1026 19 16 17
4190 18 17 17
575 18 15 17
29 17 15 17
3249 18 16 17
3114 17 17 17
3646 17 16 17
47 2 6 17
1719 7 5 17
2157 19 13 18
3550 19 12 18
2701 19 11 18
566 15 9 18
1879 18 12 18
1089 16 8 18
4194 15 11 18
2784 16 9 18
355 18 11 18
3496 17 11 18
2884 19 19 18
3523 19 18 18
2529 18 18 18
1411 17 18 18
3328 16 18 18
2984 16 17 18
302 16 7 19
2708 15 12 19
2469 12 10 19
3377 19 10 19
3420 13 10 19
1576 18 9 19
1281 18 10 19
960 0 4 19
2889 1 4 19
2981 19 9 20
993 18 7 20
4077 12 11 20
3437 14 7 20
3161 13 11 20
358 17 7 20
1252 0 7 20
1081 5 7 20
877 4 8 20
318 1 6 20
2811 4 7 20
4044 1 5 20
2625 2 5 20
78 16 4 21
1416 18 6 21
2317 16 5 21
3417 14 6 21
656 15 14 21
4071 13 13 21
3779 12 12 21
948 15 13 21
3372 13 12 21
2235 0 8 21
1170 8 3 21
4126 1 7 21
633 8 4 21
3766 7 4 21
3945 3 8 21
1152 7 5 21
3464 6 5 21
1615 5 5 21
2146 5 4 21
27 18 5 22
2586 15 4 22
2591 10 10 22
669 11 11 22
3010 11 10 22
4172 19 6 22
1742 19 7 22
896 19 8 22
3651 18 8 22
352 17 8 22
663 17 9 22
1271 17 10 22
2787 1 11 22
4154 1 10 22
936 1 8 22
3560 2 4 22
375 6 4 22
596 8 2 22
3395 7 3 22
350 6 3 22
770 7 2 22
2783 6 2 22
2370 6 1 22
1116 16 3 23
4034 11 12 23
2759 17 3 23
2104 10 12 23
2614 10 11 23
3518 12 13 23
1691 12 14 23
1877 13 14 23
3414 14 14 23
660 14 13 23
2651 14 12 23
1477 14 11 23
1880 3 10 23
2451 5 3 23
2659 17 2 24
245 19 5 24
3585 19 4 24
320 9 12 24
3155 9 11 24
2179 9 10 24
1626 9 9 24
2069 10 9 24
1 11 9 24
200 12 9 24
3867 13 9 24
1959 0 13 24
3458 4 9 24
326 2 11 24
2216 16 0 25
658 16 1 25
4144 19 3 25
3485 16 2 25
2938 12 4 25
1475 15 3 25
3819 13 4 25
941 11 13 25
3317 3 5 25
2121 3 4 25
3873 8 1 25
1938 8 0 25
3879 7 1 25
303 7 0 25
360 6 0 25
2643 5 0 25
4037 17 0 26
677 17 1 26
4109 19 2 26
2457 15 0 26
3889 15 1 26
333 11 4 26
3581 15 2 26
1741 13 2 26
4068 12 7 26
3075 12 6 26
1715 0 14 26
981 3 11 26
3948 2 11 26
651 2 10 26
1202 5 2 26
3632 19 1 27
2423 18 0 27
571 18 1 27
2139 10 6 27
486 18 2 27
3111 11 3 27
2589 10 4 27
2906 18 3 27
3369 18 4 27
3559 11 17 27
1586 8 15 27
4202 4 17 27
1509 6 17 27
1902 6 16 27
1530 0 15 27
2707 2 14 27
2895 13 1 28
165 12 8 28
945 13 8 28
1971 13 7 28
1831 13 6 28
3894 17 17 28
2270 17 16 28
2520 4 18 28
2987 8 14 28
1452 7 16 28
2706 2 16 28
3396 2 13 28
2562 0 6 28
1596 0 5 28
1074 1 5 28
2124 2 5 28
1648 3 7 28
3622 2 3 28
2793 3 3 28
204 3 2 28
357 13 0 29
1369 14 0 29
366 11 7 29
2410 12 2 29
3826 14 1 29
562 11 6 29
3770 14 2 29
3276 12 15 29
1200 12 17 29
212 9 18 29
3224 8 11 29
3965 8 12 29
1678 2 17 29
3639 3 17 29
3795 3 16 29
4051 8 5 29
3835 8 6 29
46 7 6 29
2031 6 6 29
3037 5 6 29
3854 19 16 30
3637 18 17 30
924 18 16 30
3382 18 15 30
483 17 15 30
124 9 14 30
2252 4 14 30
4009 3 13 30
3409 3 12 30
2480 2 12 30
2832 7 10 30
232 4 0 30
3415 3 0 30
1073 19 0 31
3554 18 0 31
3297 18 1 31
3977 9 4 31
2143 18 2 31
1388 9 5 31
1662 18 3 31
2575 18 4 31
3583 17 4 31
3331 17 5 31
324 17 6 31
3845 16 6 31
2543 11 19 31
576 9 19 31
4145 12 18 31
4003 13 15 31
1451 11 18 31
3402 10 19 31
3967 10 18 31
2447 10 17 31
382 6 11 31
146 5 14 31
2108 4 16 31
3277 3 14 31
1197 6 10 31
1348 5 10 31
703 4 10 31
169 11 8 32
3674 17 14 32
556 13 17 32
724 11 14 32
4096 7 11 32
2379 7 3 32
3986 8 2 32
1188 7 2 32
631 10 7 33
534 11 2 33
495 11 7 33
4189 11 6 33
3134 16 19 33
2734 3 18 33
2264 1 8 33
3164 2 4 33
28 2 5 33
648 6 4 33
1023 6 3 33
630 6 2 33
2578 6 1 33
376 5 1 33
3571 1 3 33
1239 9 3 34
1677 12 0 34
700 9 6 34
1487 9 5 34
918 8 10 34
2310 7 10 34
3988 7 9 34
3441 0 9 34
2834 5 4 34
586 10 2 35
397 11 1 35
679 10 3 35
4116 12 1 35
1385 10 4 35
3786 12 2 35
3140 10 5 35
2885 12 3 35
2875 11 5 35
1776 13 3 35
2922 14 3 35
3847 14 4 35
258 14 15 35
592 0 19 35
3699 1 19 35
2148 4 13 35
3935 4 14 35
2311 7 8 35
1232 0 12 35
965 0 11 35
3875 0 10 35
1614 3 10 35
3340 3 8 35
3846 5 3 35
1400 0 3 35
1732 19 19 36
2280 19 18 36
2412 18 18 36
2910 17 18 36
734 14 17 36
1055 7 7 36
1085 6 7 36
2357 6 8 36
3208 6 9 36
2976 5 9 36
714 4 9 36
465 3 9 36
3595 1 7 36
2646 18 11 37
3145 17 11 37
208 19 15 37
2277 15 19 37
3792 4 11 37
1363 5 11 37
229 5 13 37
2923 5 12 37
4146 6 12 37
1750 7 12 37
2005 8 3 37
2039 8 4 37
3251 7 4 37
940 7 5 37
1619 6 5 37
3078 5 5 37
1091 0 1 37
1717 0 2 37
1919 1 2 37
1087 2 2 37
450 10 8 38
1356 10 7 38
4013 13 14 38
3540 15 13 38
4166 15 11 38
3290 16 9 38
177 11 15 38
2621 1 6 38
518 12 19 39
88 12 18 39
3112 17 13 39
1255 17 19 39
435 18 14 39
788 17 18 39
3156 18 15 39
4188 17 15 39
2497 8 19 39
3807 9 19 39
2125 10 19 39
2954 10 18 39
516 10 17 39
1425 9 15 39
898 1 17 39
3248 0 18 39
74 1 18 39
1053 2 18 39
1818 2 19 39
1372 3 19 39
774 4 19 39
1867 5 19 39
1182 5 18 39
964 5 17 39
2928 5 16 39
809 0 7 39
3291 0 8 39
701 0 9 39
1814 8 0 39
2594 9 7 40
1242 10 7 40
1443 11 7 40
580 11 6 40
763 11 5 40
1508 12 5 40
3268 13 5 40
1167 12 12 40
402 19 7 40
2407 19 8 40
3673 13 12 40
2155 18 8 40
2842 17 7 40
310 16 8 40
2279 17 8 40
4016 9 17 40
4204 9 16 40
2668 8 1 40
4021 3 5 40
3624 7 1 40
519 3 4 40
1450 7 0 40
196 6 0 40
1803 5 0 40
2554 2 3 40
2932 5 1 40
3660 3 3 40
823 3 2 40
4120 12 14 41
194 13 14 41
3596 13 11 41
828 13 19 41
2816 13 18 41
1030 14 18 41
1368 15 18 41
976 11 13 41
708 8 9 41
2805 7 9 41
857 8 7 41
2781 6 9 41
3171 5 9 41
1118 7 7 41
3284 6 7 41
1567 3 7 41
2294 5 7 41
2282 15 3 42
755 14 3 42
2441 12 13 42
780 15 14 42
1084 13 13 42
1156 14 14 42
2440 14 7 42
2091 14 13 42
2813 14 12 42
1753 14 11 42
2746 19 17 42
454 19 18 42
1809 18 18 42
2183 17 18 42
900 16 18 42
3708 16 17 42
3601 6 10 42
2843 1 9 42
2870 5 10 42
429 4 10 42
1900 4 9 42
3023 4 8 42
4203 5 2 42
292 10 12 43
1712 10 11 43
1593 9 11 43
2633 12 4 43
1802 9 10 43
3636 13 4 43
1705 9 9 43
3209 14 4 43
2878 10 9 43
2016 14 6 43
4088 11 9 43
2957 12 9 43
3748 13 9 43
1631 14 8 43
1393 14 9 43
4019 14 10 43
3855 4 12 43
134 5 12 43
3127 3 14 43
3989 2 13 43
1533 1 10 43
2494 0 5 43
1166 8 5 43
251 8 6 43
2068 0 6 43
415 7 6 43
2209 6 6 43
1669 5 6 43
913 16 5 44
423 18 13 44
1382 18 12 44
331 6 11 44
1185 6 12 44
2078 7 12 44
3086 5 14 44
1028 4 16 44
4049 3 17 44
1766 3 16 44
3702 1 16 44
3009 3 11 44
3580 2 0 44
1949 19 6 45
3647 19 7 45
3927 19 8 45
1236 18 8 45
2470 17 8 45
3881 17 9 45
843 17 10 45
250 11 18 45
75 8 11 45
2107 8 12 45
3280 8 17 45
1706 8 16 45
2849 8 14 45
1418 7 16 45
3784 2 17 45
2883 2 16 45
776 0 14 45
1625 0 4 45
2796 8 8 45
591 8 7 45
235 1 4 45
2388 7 7 45
2289 1 5 45
845 1 6 45
2001 6 7 45
985 5 7 45
314 4 7 45
1850 3 0 45
1679 16 2 46
2587 15 2 46
1521 15 3 46
246 19 11 46
2551 13 15 46
3652 9 18 46
800 4 18 46
3149 5 18 46
68 5 17 46
3744 5 16 46
2178 12 7 47
2871 12 6 47
379 17 3 47
2857 12 11 47
3005 13 11 47
3780 14 11 47
3167 14 10 47
2673 14 19 47
3192 14 18 47
2622 15 18 47
2117 17 16 47
448 12 15 47
3772 12 17 47
3153 4 0 47
3659 9 2 48
3052 10 2 48
3034 10 5 48
4002 10 3 48
4043 11 5 48
654 10 4 48
2724 12 5 48
1859 11 4 48
3307 13 2 48
2778 12 4 48
2418 16 6 48
408 13 10 48
1172 11 19 48
2080 11 18 48
1951 0 15 48
3922 1 15 48
2630 1 11 48
1769 0 0 48
240 11 10 49
2689 18 19 49
3254 6 1 49
2499 11 12 50
1421 15 1 50
4122 10 12 50
2545 15 2 50
3644 9 12 50
371 19 4 50
4142 18 4 50
868 17 4 50
1432 18 6 50
1022 19 10 50
3514 0 13 50
1792 3 8 50
938 0 3 50
732 1 3 50
753 8 2 50
1213 7 2 50
2316 2 3 50
4112 5 3 50
3298 3 3 50
1775 16 4 51
1754 18 16 51
3422 8 18 51
82 9 18 51
2667 10 18 51
3717 10 17 51
108 10 13 51
3831 3 13 51
298 3 12 51
2607 6 4 51
725 7 3 51
137 6 3 51
1646 5 4 51
62 12 10 52
1149 15 12 52
3883 16 7 52
1142 14 12 52
1300 14 11 52
4073 14 10 52
3799 18 18 52
3605 17 18 52
2467 16 18 52
2136 7 11 52
152 8 11 52
192 8 12 52
111 4 17 52
3352 0 12 52
4006 0 11 52
4127 9 8 53
403 9 7 53
1427 10 7 53
3848 11 7 53
812 11 11 53
1806 11 12 53
356 12 7 53
334 10 12 53
151 9 12 53
2021 9 11 53
2615 9 10 53
739 9 9 53
1057 19 5 53
407 10 9 53
2835 11 9 53
309 12 9 53
1582 13 9 53
3806 14 9 53
1157 8 10 53
2826 7 10 53
1330 6 10 53
1704 5 10 53
544 4 10 53
2939 7 8 53
2568 2 4 53
3106 7 7 53
1276 2 5 53
2403 6 7 53
2186 5 7 53
2508 8 0 53
2581 4 7 53
1887 7 0 53
3750 6 0 53
969 15 0 54
3335 15 1 54
3983 17 6 54
234 17 5 54
2671 15 15 54
3081 11 14 54
1448 4 13 54
3691 4 14 54
1745 3 2 54
4182 2 2 54
2958 1 2 54
2203 9 5 55
2762 10 5 55
3451 10 4 55
167 19 16 55
3958 18 16 55
311 18 17 55
802 17 17 55
2149 16 17 55
709 13 17 55
864 7 18 55
616 7 17 55
2546 8 15 55
2728 7 15 55
3163 0 7 55
2210 0 8 55
1005 0 9 55
3764 0 10 55
2266 1 10 55
1068 6 2 55
439 5 0 55
2067 5 2 55
2167 0 2 55
2693 0 1 55
1738 13 8 56
906 13 0 56
3243 14 0 56
2231 14 1 56
420 19 2 56
2850 14 2 56
2054 16 3 56
3057 14 3 56
1990 16 4 56
2241 16 5 56
3152 18 7 56
2003 11 17 56
32 0 19 56
2166 1 19 56
3477 3 7 56
736 13 3 57
2780 19 13 57
284 19 12 57
1067 19 11 57
4103 14 15 57
3970 0 18 57
252 1 18 57
3146 2 18 57
846 2 19 57
1184 3 11 57
59 1 8 57
3703 1 7 57
3510 3 5 57
1126 3 4 57
2475 8 1 57
4216 7 1 57
3449 6 1 57
581 5 1 57
304 2 0 57
2569 10 1 58
1464 17 1 58
1171 10 2 58
459 10 3 58
1507 11 15 58
4093 3 18 58
912 3 19 58
1059 4 19 58
835 5 19 58
3287 5 18 58
3999 5 17 58
3955 5 13 58
2764 5 16 58
2411 4 13 58
1212 4 14 58
2278 8 3 58
1813 8 4 58
751 7 4 58
4057 7 5 58
3178 6 5 58
2409 5 5 58
3470 12 8 59
1417 13 8 59
3270 13 7 59
2799 9 4 59
4014 13 6 59
2341 11 3 59
1590 12 6 59
3920 12 5 59
3253 10 10 59
3552 10 9 59
666 11 9 59
2599 12 9 59
3189 13 9 59
3342 14 9 59
3904 16 8 59
2692 16 9 59
1069 9 17 59
3272 9 16 59
1821 8 9 59
93 2 14 59
746 9 6 60
3942 17 0 60
3309 10 6 60
176 18 0 60
2363 17 2 60
2943 10 5 60
2610 18 1 60
1046 10 4 60
1456 18 2 60
2934 11 4 60
717 12 3 60
13 18 3 60
335 12 4 60
471 19 3 60
2217 13 4 60
1785 19 4 60
3730 19 5 60
929 19 6 60
276 17 7 60
1343 19 7 60
1635 18 7 60
66 19 8 60
3706 18 8 60
3457 18 9 60
3933 18 10 60
1572 18 11 60
3285 17 11 60
3946 4 11 60
1447 11 13 60
3959 5 11 60
2891 11 14 60
2865 6 11 60
239 7 19 60
4183 7 18 60
2190 7 14 60
263 1 17 60
3269 1 16 60
3238 3 0 60
2877 12 12 61
3018 13 12 61
782 14 12 61
3505 14 11 61
1609 14 10 61
3598 17 12 61
1395 15 17 61
3842 13 18 61
3592 13 17 61
1989 10 14 61
1999 12 0 62
3530 13 0 62
480 13 1 62
3543 14 1 62
3925 14 2 62
950 14 3 62
81 15 11 62
3981 15 19 62
1117 16 19 62
147 16 18 62
395 16 17 62
599 3 17 62
1744 8 7 62
1587 3 16 62
4184 8 8 62
1636 8 9 62
2446 7 9 62
3493 0 14 62
1486 0 4 62
316 1 4 62
517 1 5 62
1839 4 8 62
1208 4 7 62
1231 4 16 63
795 6 8 63
2453 6 9 63
2301 1 12 63
1352 5 10 63
2524 5 9 63
2804 4 10 63
2075 3 10 63
4223 0 5 63
531 0 6 63
2325 1 6 63
2116 4 0 63
3804 8 19 64
3587 9 19 64
3527 10 19 64
1667 5 12 64
332 5 11 64
747 6 19 64
699 6 18 64
2427 6 17 64
2223 3 14 64
1483 2 17 64
3233 2 16 64
1930 1 9 64
4214 5 3 64
3213 0 0 64
2111 14 5 65
963 19 18 65
1929 18 18 65
3767 19 15 65
934 11 19 65
278 8 11 65
3348 8 12 65
4225 5 14 65
1105 0 15 65
661 1 11 65
716 2 3 65
1163 3 3 65
3061 16 6 66
2498 13 10 66
422 19 17 66
2352 17 13 66
923 18 14 66
2677 17 19 66
820 16 19 66
236 18 17 66
3100 18 15 66
2748 16 18 66
313 17 15 66
410 17 17 66
3097 16 17 66
3147 7 2 66
2859 8 2 66
1221 8 3 66
944 8 4 66
3576 8 5 66
1513 8 6 66
2666 7 6 66
2761 6 6 66
3532 5 6 66
4170 8 0 66
880 7 0 66
867 6 0 66
2837 6 1 66
2438 13 2 67
1896 13 5 67
2053 15 13 67
4099 14 7 67
2364 13 19 67
1975 13 18 67
3072 12 18 67
1922 11 18 67
294 10 18 67
328 10 17 67
2248 8 14 67
4177 7 7 67
3785 5 7 67
3522 7 8 67
2400 6 7 67
3614 6 8 67
4147 2 4 67
1804 2 5 67
2873 1 3 67
2660 0 3 67
1790 0 2 67
1175 0 1 67
2307 11 0 68
946 12 0 68
3459 12 1 68
1972 18 5 68
2982 13 14 68
3520 14 8 68
2106 4 12 68
2521 5 12 68
2101 5 11 68
1280 6 11 68
437 7 11 68
1553 7 12 68
2461 4 18 68
1661 5 18 68
3866 5 17 68
3176 5 16 68
824 3 8 68
400 6 2 68
3995 5 0 68
1974 5 2 68
1109 5 1 68
3430 10 8 69
3987 10 7 69
1361 10 6 69
3567 10 5 69
3897 6 12 69
4059 0 7 69
1375 0 8 69
1832 0 9 69
205 0 10 69
2547 1 10 69
1505 16 1 70
1772 17 1 70
2903 18 1 70
3810 18 2 70
42 18 3 70
3805 19 3 70
2604 19 4 70
2719 15 14 70
86 14 14 70
826 18 12 70
3640 17 16 70
1391 13 15 70
4228 12 15 70
659 6 16 70
2640 8 10 70
3261 7 10 70
1056 6 10 70
2685 6 9 70
289 11 1 71
2530 12 1 71
393 12 2 71
2848 12 3 71
3379 12 14 71
4143 12 13 71
1955 13 13 71
2536 14 13 71
401 14 12 71
1774 14 11 71
2996 15 18 71
1290 16 18 71
1413 12 19 71
1021 12 18 71
191 12 17 71
2636 8 17 71
1294 8 16 71
2004 7 16 71
644 7 15 71
1597 5 4 71
2862 9 12 72
224 9 11 72
530 9 10 72
920 9 9 72
3330 15 3 72
2512 14 6 72
557 17 14 72
443 14 18 72
3724 14 17 72
4198 0 13 72
1495 5 8 72
4004 5 9 72
4141 4 9 72
19 3 9 72
1311 6 5 72
97 5 5 72
1671 18 6 73
720 19 10 73
4232 19 19 73
2366 19 18 73
2790 19 17 73
2611 18 17 73
22 9 17 73
3667 9 16 73
3180 1 13 73
4033 7 5 73
865 7 4 73
1913 7 3 73
1110 6 4 73
1250 6 3 73
3045 1 2 73
168 11 8 74
216 10 8 74
953 9 2 74
668 10 7 74
256 10 2 74
2295 19 1 74
4209 10 6 74
3709 10 3 74
1937 10 4 74
2735 19 9 74
1296 16 9 74
710 15 15 74
3159 0 12 74
2150 0 11 74
2937 3 12 74
1811 0 10 74
811 1 10 74
1144 4 1 74
3294 2 2 74
552 16 0 75
3386 10 12 75
3413 17 6 75
2263 17 4 75
4211 9 12 75
3687 17 5 75
978 18 5 75
2695 18 10 75
1193 17 18 75
384 17 17 75
593 16 17 75
595 4 17 75
1575 0 14 75
1203 1 14 75
2861 0 4 75
2192 1 4 75
546 1 5 75
962 2 5 75
1453 8 1 75
1076 7 1 75
2234 6 1 75
110 6 2 75
2331 2 0 75
260 10 11 76
698 9 11 76
102 9 10 76
4135 9 9 76
389 10 9 76
3701 11 9 76
2907 12 9 76
942 13 9 76
3151 16 8 76
2160 14 19 76
1915 14 18 76
64 14 17 76
3080 10 13 76
2914 3 13 76
1113 2 6 76
1398 3 6 76
142 1 3 76
2356 3 0 76
2313 0 3 76
2391 0 2 76
543 0 1 76
1082 15 0 77
547 15 1 77
2118 12 7 77
1220 16 1 77
305 17 1 77
2690 12 6 77
3138 11 6 77
635 18 1 77
840 11 5 77
319 18 2 77
773 11 4 77
1168 18 3 77
2347 12 4 77
2896 19 3 77
2946 13 4 77
1578 16 5 77
1573 18 13 77
2142 18 12 77
57 18 11 77
2436 17 11 77
1225 11 17 77
1763 0 19 77
1329 1 19 77
3760 2 19 77
764 3 19 77
3056 4 19 77
3346 4 18 77
3306 6 13 77
1963 5 18 77
1442 5 17 77
761 5 16 77
816 1 17 77
1956 1 16 77
2112 1 15 77
2086 8 8 77
1860 8 9 77
982 7 9 77
1357 1 7 77
1928 3 5 77
217 2 4 77
386 3 4 77
3211 18 4 78
1743 16 3 78
3880 16 4 78
3360 14 9 78
1228 3 16 78
76 7 8 78
4092 6 9 78
2010 5 9 78
625 6 8 78
3318 4 9 78
3214 4 8 78
791 9 18 79
2011 9 17 79
1270 10 15 79
1789 3 3 79
1735 10 0 80
2727 11 0 80
3711 11 1 80
462 12 1 80
2048 19 2 80
2697 19 3 80
3895 19 4 80
3899 19 5 80
4017 19 6 80
2639 11 12 80
1856 11 11 80
430 19 7 80
4161 12 11 80
2894 19 8 80
3316 18 9 80
182 9 13 80
1755 7 19 80
238 7 18 80
3322 7 13 80
215 6 18 80
541 6 17 80
1354 6 16 80
740 1 8 80
327 8 7 80
833 7 7 80
3573 6 7 80
2093 8 0 80
594 5 7 80
2929 7 0 80
348 6 0 80
853 6 1 80
2504 6 2 80
3481 5 2 80
1244 18 7 81
1061 18 8 81
2741 17 8 81
892 17 9 81
3177 17 10 81
3087 15 17 81
3537 11 13 81
2917 11 14 81
3749 4 11 81
1102 5 11 81
2786 10 14 81
1111 6 11 81
1234 6 12 81
359 6 13 81
2577 3 11 81
1762 2 3 81
2716 3 3 81
1637 4 0 81
628 3 0 81
2971 10 10 82
1699 10 9 82
2318 11 9 82
538 17 7 82
3732 12 9 82
2062 16 7 82
3371 13 9 82
1798 17 12 82
3947 11 18 82
2507 10 18 82
2712 10 17 82
597 9 14 82
3813 1 11 82
4091 14 0 83
4080 19 0 83
3453 15 0 83
707 18 0 83
532 15 1 83
4149 16 1 83
1747 17 0 83
3791 17 1 83
988 17 2 83
184 17 3 83
131 12 12 83
937 0 18 83
2650 1 18 83
2635 2 18 83
3390 2 19 83
2590 3 19 83
787 8 12 83
3923 4 19 83
4230 4 18 83
1935 4 13 83
554 4 14 83
3843 0 15 83
351 1 15 83
1043 16 2 84
3840 16 3 84
1953 16 4 84
1696 15 13 84
425 14 13 84
3603 14 12 84
3406 14 7 84
1622 13 12 84
4036 13 11 84
3404 13 10 84
2276 14 10 84
4000 17 15 84
861 5 13 84
4163 5 14 84
768 7 2 84
143 8 2 84
930 0 5 84
2887 8 3 84
1726 8 4 84
1655 0 6 84
665 1 6 84
3109 8 5 84
3950 1 7 84
1644 8 6 84
3091 7 6 84
3491 6 6 84
2999 9 0 85
1408 9 1 85
3589 13 5 85
801 14 3 85
56 15 11 85
2477 18 19 85
3302 19 19 85
1405 19 18 85
831 19 17 85
2752 8 18 85
2103 7 18 85
2598 5 19 85
1153 7 17 85
237 7 14 85
2290 5 18 85
222 6 17 85
1274 6 14 85
2823 6 16 85
3071 5 17 85
3160 5 16 85
549 3 18 85
3301 3 17 85
2528 3 16 85
730 5 4 85
2176 5 2 85
3909 2 2 85
2912 9 3 86
3204 9 2 86
3918 10 2 86
1265 11 2 86
2129 12 2 86
990 19 16 86
3094 14 15 86
653 11 19 86
2627 11 18 86
1016 10 18 86
3865 10 17 86
1558 8 11 86
3181 7 16 86
2488 3 12 86
317 6 2 86
3203 5 3 86
418 6 1 86
1407 3 2 86
148 0 0 86
1695 9 7 87
1373 10 7 87
11 11 7 87
3668 11 6 87
636 11 3 87
882 11 5 87
1435 12 3 87
1672 12 5 87
1006 19 12 87
609 19 11 87
1538 18 11 87
4072 17 11 87
3118 11 15 87
2942 0 9 87
3166 3 8 87
3656 2 0 87
973 16 19 88
1991 15 19 88
2056 14 19 88
2207 13 19 88
589 13 18 88
3938 13 17 88
1942 9 15 88
3255 0 12 88
3216 0 11 88
1828 0 10 88
2297 1 10 88
2175 2 5 88
1525 8 1 88
1688 8 0 88
156 7 1 88
927 7 0 88
474 6 0 88
3274 5 0 88
3067 5 1 88
2077 1 2 88
1077 19 9 89
1760 18 9 89
642 19 15 89
3857 15 15 89
2015 7 11 89
1349 7 12 89
1283 8 12 89
3569 8 13 89
3381 8 17 89
1526 8 14 89
1932 0 14 89
1689 1 14 89
3863 1 9 89
1985 8 7 89
2306 1 7 89
4197 7 7 89
2913 6 7 89
1342 5 7 89
1846 0 4 89
1997 9 5 90
3393 14 1 90
2182 17 19 90
1882 17 18 90
2419 4 12 90
652 0 17 90
931 5 12 90
3594 0 18 90
3591 5 13 90
3219 5 14 90
939 1 18 90
197 4 17 90
3971 3 17 90
3838 2 18 90
1852 2 17 90
3566 2 16 90
919 0 8 90
1183 1 8 90
4083 8 5 90
1010 8 6 90
3479 7 6 90
155 6 6 90
2339 5 6 90
3689 1 3 90
2018 0 3 90
2792 0 2 90
1542 0 1 90
2944 18 10 91
1092 18 9 91
3359 15 12 91
578 15 11 91
2275 7 9 91
438 1 12 91
3755 0 6 91
2645 1 6 91
1998 3 7 91
2437 7 5 91
3682 1 5 91
4048 1 4 91
2956 2 4 91
4160 7 3 91
3193 3 5 91
4085 10 1 92
2931 10 2 92
2309 10 3 92
1128 10 4 92
3538 17 5 92
1833 18 5 92
4206 19 5 92
1455 19 6 92
2576 18 18 92
4159 12 19 92
3405 12 18 92
2228 12 17 92
2164 12 15 92
2700 3 14 92
3226 3 9 92
1970 6 5 92
2358 5 5 92
2729 13 1 93
3311 14 8 93
683 13 15 93
3133 7 13 93
2479 8 8 93
1921 4 14 93
610 8 9 93
2191 0 15 93
1457 8 10 93
2797 7 10 93
3312 6 10 93
101 5 10 93
2374 4 10 93
1552 3 11 93
4025 3 10 93
2081 5 8 93
3503 2 3 93
564 3 3 93
323 4 0 93
501 3 0 93
2365 12 4 94
3853 17 4 94
1660 13 4 94
2416 13 6 94
3740 19 8 94
411 17 6 94
1562 19 10 94
650 14 11 94
3053 17 13 94
842 15 18 94
3684 18 17 94
3090 17 17 94
3387 16 18 94
117 16 17 94
3781 10 19 94
4053 10 18 94
1633 7 19 94
1137 9 13 94
1800 6 19 94
2557 6 18 94
3898 4 13 94
2647 6 17 94
3085 6 16 94
726 3 13 94
1027 1 2 94
2733 19 1 95
3484 19 0 95
3534 18 0 95
1771 10 12 95
60 15 2 95
1722 9 12 95
866 9 11 95
551 9 10 95
883 12 11 95
