767600
2062
4464 19 19 1
4636 19 18 1
189 18 19 1
506 19 17 1
2644 17 19 1
2484 18 18 1
2138 18 17 1
4013 16 19 1
2590 17 18 1
3856 19 16 1
4480 18 16 1
3482 15 19 1
2323 17 17 1
2448 19 15 1
2543 16 18 1
1427 15 18 1
2954 18 15 1
2312 19 14 1
3826 14 19 1
2415 16 17 1
1192 17 16 1
949 14 18 1
4557 13 19 1
2417 18 14 1
4212 17 15 1
3021 15 17 1
3018 19 13 1
559 16 16 1
2917 19 12 1
557 17 14 1
3830 15 16 1
1459 16 15 1
4131 13 18 1
2033 14 17 1
4743 12 19 1
4566 18 13 1
3596 12 18 1
2393 14 16 1
4059 13 17 1
4790 19 11 1
32 11 19 1
1970 16 14 1
145 15 15 1
3369 18 12 1
2788 17 13 1
1562 14 15 1
4602 15 14 1
1586 16 13 1
288 13 16 1
392 17 12 1
3354 10 19 1
3205 11 18 1
3739 12 17 1
4551 18 11 1
3646 19 10 1
4276 9 19 1
3045 17 11 1
3611 10 18 1
4250 16 12 1
3439 11 17 1
2521 12 16 1
4513 15 13 1
2432 13 15 1
2669 18 10 1
4311 14 14 1
679 12 15 1
1066 13 14 1
1772 11 16 1
550 15 12 1
2293 10 17 1
1255 9 18 1
1426 14 13 1
310 17 10 1
2094 0 19 1
1402 8 19 1
2318 16 11 1
4269 13 13 1
818 14 12 1
1037 8 18 1
21 11 15 1
614 12 14 1
700 15 11 1
865 10 16 1
337 0 18 1
187 9 17 1
3723 1 19 1
2343 7 19 1
3467 16 10 1
2864 14 11 1
2865 12 13 1
633 0 17 1
3700 9 16 1
838 1 18 1
1118 13 12 1
3507 6 19 1
4380 11 14 1
2555 15 10 1
2924 2 19 1
3431 7 18 1
4625 10 15 1
2395 8 17 1
2715 6 18 1
1311 0 16 1
386 12 12 1
2083 11 13 1
3392 7 17 1
3503 9 15 1
2240 10 14 1
2705 13 11 1
4783 5 19 1
691 3 19 1
3546 2 18 1
1619 8 16 1
3165 1 17 1
2572 14 10 1
1264 8 15 1
1584 7 16 1
1353 3 18 1
742 11 12 1
1764 2 17 1
86 6 17 1
3265 10 13 1
4369 0 15 1
75 12 11 1
4179 13 10 1
1023 9 14 1
2612 1 16 1
3520 4 19 1
1060 5 18 1
4308 0 14 1
726 7 15 1
1030 9 13 1
323 3 17 1
4198 11 11 1
2752 2 16 1
586 5 17 1
3310 4 18 1
282 1 15 1
2860 12 10 1
3599 8 14 1
4757 6 16 1
422 10 12 1
2872 11 10 1
3129 4 17 1
2538 7 14 1
3853 1 14 1
1508 9 12 1
1122 8 13 1
3258 0 13 1
2449 10 11 1
1289 3 16 1
1161 5 16 1
4231 2 15 1
4749 6 15 1
3287 10 10 1
3321 9 11 1
3233 3 15 1
4130 7 13 1
3084 0 12 1
2458 2 14 1
1785 6 14 1
1992 4 16 1
3730 5 15 1
512 8 12 1
1146 1 13 1
219 9 10 1
648 8 11 1
2241 7 12 1
3860 6 13 1
2976 5 14 1
3900 0 11 1
1299 4 15 1
4586 3 14 1
3211 1 12 1
2722 2 13 1
2044 7 11 1
1091 0 0 1
1410 0 10 1
3032 1 11 1
2509 2 12 1
845 3 13 1
2927 4 14 1
2777 5 13 1
4617 6 12 1
1677 8 10 1
1670 0 1 1
4361 7 10 1
3737 6 11 1
4379 0 9 1
1321 1 0 1
3042 5 12 1
2204 1 10 1
1185 4 13 1
4631 2 11 1
1884 3 12 1
3712 2 10 1
682 6 10 1
1269 5 11 1
852 3 11 1
2795 4 12 1
3911 2 0 1
3918 1 9 1
4391 1 1 1
2422 0 8 1
2553 0 2 1
3527 2 1 1
1324 0 7 1
1181 3 10 1
768 1 2 1
4027 0 3 1
4310 1 8 1
692 5 10 1
3518 2 9 1
732 3 0 1
2403 4 11 1
2011 2 8 1
1834 2 2 1
1329 4 0 1
2233 4 10 1
4054 1 7 1
3647 1 3 1
2273 3 9 1
492 3 1 1
3361 0 6 1
4471 0 4 1
199 3 2 1
1295 4 9 1
1082 2 7 1
1755 2 3 1
3480 4 1 1
913 1 6 1
3580 1 4 1
664 3 8 1
707 5 0 1
3653 0 5 1
3054 4 8 1
1059 2 6 1
857 2 4 1
2624 4 2 1
743 6 0 1
3419 5 9 1
847 1 5 1
2060 5 1 1
4722 3 3 1
3253 3 7 1
470 4 7 1
2604 3 4 1
4667 6 1 1
1411 5 2 1
3445 6 9 1
4774 5 8 1
4460 3 6 1
1549 7 0 1
3175 2 5 1
3382 4 3 1
643 6 2 1
1600 4 6 1
1197 3 5 1
85 4 4 1
3781 7 1 1
4763 5 7 1
2086 6 8 1
3996 8 0 1
1425 7 9 1
3126 5 3 1
3562 5 6 1
387 5 4 1
4126 4 5 1
3277 8 9 1
251 8 1 1
3242 6 3 1
4640 6 7 1
19 7 8 1
1413 7 2 1
4518 19 9 1
1632 8 2 1
2977 6 4 1
3545 6 6 1
331 5 5 1
2911 8 8 1
3526 7 7 1
4463 9 9 1
1628 7 3 1
2680 9 8 1
134 10 9 1
3965 8 3 1
3691 18 9 1
1746 6 5 1
3796 19 8 1
405 7 4 1
866 7 6 1
2982 8 7 1
2959 18 8 1
1742 8 6 1
2330 9 7 1
4580 10 8 1
1078 8 4 1
1555 11 9 1
505 7 5 1
4632 19 7 1
4365 17 9 1
1887 12 9 1
1649 19 6 1
3944 16 9 1
1900 18 7 1
2359 11 8 1
3636 17 8 1
1178 8 5 1
3651 10 7 1
2503 9 6 1
1079 10 6 1
72 19 5 1
2884 16 8 1
1931 18 6 1
1765 9 5 1
2880 17 7 1
4571 15 9 1
1713 11 7 1
3585 12 8 1
1880 13 9 1
3922 15 8 1
374 10 5 1
33 11 6 1
1046 9 4 1
4685 19 4 1
1502 12 7 1
3809 18 5 1
266 13 8 1
1432 17 6 1
1652 14 9 1
156 16 7 1
3324 15 7 1
3969 16 6 1
2829 13 7 1
433 17 5 1
246 18 4 1
4279 9 3 1
2902 12 6 1
4548 19 3 1
3421 14 8 1
3719 11 5 1
2808 10 4 1
2784 19 2 1
1390 12 5 1
1412 10 3 1
3692 15 6 1
292 9 2 1
1252 18 3 1
1979 13 6 1
3722 11 4 1
2789 16 5 1
370 17 4 1
457 14 7 1
543 12 4 1
3799 9 1 1
4093 17 3 1
160 10 2 1
2558 15 5 1
3364 18 2 1
4716 14 6 1
2711 16 4 1
2115 13 5 1
2045 11 3 1
1489 19 1 1
4329 17 2 1
1582 16 3 1
3590 19 0 1
3282 12 3 1
1156 10 1 1
3992 14 5 1
1145 18 1 1
4114 13 4 1
4215 15 4 1
36 11 2 1
4028 9 0 1
1407 14 4 1
4466 16 2 1
1889 11 1 1
991 10 0 1
2955 17 1 1
3940 13 3 1
4564 12 2 1
4296 18 0 1
713 15 3 1
4792 16 1 1
493 15 2 1
4762 11 0 1
704 14 3 1
3299 12 1 1
4788 13 2 1
1546 17 0 1
1080 12 0 1
293 16 0 1
4008 13 1 1
4782 14 2 1
2062 15 1 1
3142 15 0 1
1215 14 1 1
91 13 0 1
4501 14 0 1
3164 13 0 4
2993 14 2 5
2535 15 0 5
1939 14 3 6
4593 15 3 6
798 15 2 6
3013 9 0 7
3336 15 4 7
1976 10 0 7
3501 18 0 7
4662 14 4 7
734 11 2 7
864 11 0 7
2545 17 0 7
836 12 0 7
2651 16 0 7
3281 12 2 7
2596 19 0 8
2950 14 5 8
2554 11 3 8
1919 19 1 8
1193 16 4 8
660 12 3 8
3263 18 1 8
1254 17 2 8
2487 17 1 8
4092 16 5 9
3814 15 5 9
3684 19 2 9
259 15 6 9
3492 18 2 9
3661 9 2 9
1114 18 3 9
736 10 3 9
3440 12 5 9
1211 9 1 9
419 10 2 9
3605 10 1 9
3783 11 1 9
50 12 1 9
897 18 5 10
1095 17 5 10
4395 17 6 10
3517 16 6 10
3422 16 7 10
190 14 9 10
4488 9 3 10
4400 19 3 10
4086 15 7 10
3146 9 4 10
604 19 4 10
480 14 7 10
2559 10 5 10
3575 12 7 10
711 11 6 10
3315 10 4 10
281 11 3 10
1914 18 4 10
2785 14 6 10
4649 11 5 10
4350 12 6 10
4185 11 4 10
1440 17 4 10
1103 17 3 10
2276 12 4 10
92 16 3 10
1223 16 2 10
2615 16 1 10
1343 8 4 11
3470 7 5 11
380 19 5 11
1319 8 5 11
4204 19 6 11
2301 19 7 11
2696 18 6 11
2969 9 5 11
2290 9 6 11
914 18 7 11
772 9 7 11
117 10 6 11
3879 17 9 11
4465 17 7 11
450 10 7 11
4759 16 9 11
2599 10 8 11
29 15 9 11
990 11 7 11
3634 11 8 11
1951 13 9 11
3291 8 2 12
1661 8 3 12
2229 7 3 12
4202 7 4 12
2127 6 4 12
1337 5 5 12
2491 6 5 12
247 6 6 12
4094 7 6 12
4573 7 7 12
3625 8 6 12
1017 8 7 12
952 19 9 12
570 8 8 12
3405 9 8 12
3089 19 8 12
3196 18 9 12
1394 18 8 12
218 17 8 12
702 16 8 12
3882 15 8 12
1431 14 8 12
2613 14 5 12
207 8 0 13
1372 8 1 13
2874 7 0 13
2832 7 1 13
464 7 2 13
3335 6 2 13
4567 5 2 13
1204 6 3 13
2840 5 3 13
962 2 5 13
28 4 3 13
3834 5 4 13
4081 3 5 13
354 4 4 13
4516 4 5 13
2915 3 6 13
888 4 6 13
3717 5 6 13
2479 6 7 13
2645 6 9 13
4134 6 0 14
2486 6 1 14
2616 5 0 14
348 5 1 14
1352 4 1 14
4420 4 2 14
3498 3 1 14
2807 3 2 14
2742 3 3 14
2191 2 3 14
1860 3 4 14
4070 0 4 14
2336 2 4 14
2440 0 5 14
2561 0 6 14
1497 3 9 14
542 2 6 14
4448 4 10 14
73 3 8 14
2073 4 9 14
3427 4 8 14
1878 5 9 14
147 9 0 14
269 15 4 14
4681 18 0 14
3685 14 4 14
2012 10 0 14
1163 11 2 14
46 11 0 14
2805 17 0 14
451 12 2 14
1496 12 0 14
2143 16 0 14
1250 12 1 14
730 16 1 14
173 15 1 14
774 4 0 15
2539 3 0 15
2344 2 0 15
1852 6 10 15
1656 4 13 15
1073 2 1 15
4689 5 10 15
4026 1 0 15
2237 5 12 15
941 6 11 15
3577 5 11 15
1262 1 1 15
1509 4 12 15
2672 2 2 15
2643 0 3 15
3567 4 11 15
4166 3 12 15
3550 3 11 15
4664 2 11 15
2128 3 10 15
1398 0 9 15
3187 2 10 15
2964 0 8 15
2080 2 9 15
1187 0 7 15
2622 2 8 15
2737 15 2 15
1722 15 3 15
3565 14 3 15
1960 9 10 16
4493 8 10 16
3182 7 10 16
2497 8 11 16
4621 7 11 16
3339 7 12 16
2906 6 12 16
573 4 15 16
4546 0 0 16
1821 0 1 16
1429 1 13 16
4165 0 2 16
3230 1 2 16
2067 0 11 16
2171 1 3 16
2813 0 10 16
2770 1 4 16
1303 1 5 16
1239 1 6 16
4199 13 1 16
349 13 0 16
2030 15 0 16
2810 10 10 17
1307 6 15 17
4742 5 13 17
324 4 16 17
1300 3 16 17
1596 3 15 17
3290 1 14 17
16 3 13 17
668 0 13 17
3025 0 12 17
644 10 12 18
2914 8 14 18
2857 3 17 18
3917 6 16 18
4142 11 10 19
2760 11 12 19
2812 7 16 19
2047 4 19 19
1557 9 14 19
4035 8 12 19
1382 6 17 19
2897 4 17 19
1888 0 14 19
3081 0 15 19
2368 2 17 19
2677 1 15 19
4620 13 11 20
4088 10 15 20
22 10 14 20
2341 9 15 20
4338 2 18 20
2351 6 18 20
3601 0 16 20
3407 15 10 21
1129 14 10 21
3604 13 10 21
4403 12 10 21
178 2 19 21
425 3 19 21
1800 6 19 21
4594 3 18 21
182 4 18 21
3374 5 19 21
4253 5 18 21
3774 5 17 21
544 0 17 21
1258 5 16 21
3269 5 15 21
1015 14 5 21
2870 14 2 21
631 7 19 22
3956 7 18 22
1558 12 11 22
3312 11 11 22
3592 7 17 22
1339 9 17 22
4428 11 15 22
334 12 12 22
533 12 14 22
1639 11 14 22
4284 10 11 22
3124 9 11 22
2152 9 12 22
2606 1 19 22
1784 9 1 22
403 14 11 23
3833 9 18 23
3750 10 17 23
4472 14 13 23
1651 0 19 23
3031 0 18 23
3561 1 18 23
2164 1 17 23
2142 1 16 23
3417 2 16 23
2168 2 15 23
4278 12 5 23
3955 10 3 23
3957 12 0 23
2793 12 2 23
1294 12 15 24
4247 13 15 24
2591 14 14 24
3804 13 14 24
1195 18 9 24
2055 11 7 24
1579 12 9 24
4289 13 9 24
3637 11 5 24
891 12 6 24
3693 9 2 24
1 17 4 24
1018 10 2 24
823 11 2 24
2384 11 0 24
3275 19 10 25
2008 18 10 25
3030 17 10 25
1921 18 11 25
3148 17 11 25
662 16 10 25
3226 16 11 25
2679 10 18 25
4793 15 11 25
942 15 13 25
721 11 18 25
2413 12 17 25
104 11 17 25
1840 15 9 25
3758 11 3 25
3485 18 4 25
3749 10 4 25
840 11 4 25
1380 15 4 25
1925 14 4 25
345 18 0 25
4600 12 4 25
2020 17 0 25
2952 16 0 25
149 10 19 26
1218 2 8 26
2894 5 9 26
4473 6 9 26
2242 19 9 26
1574 7 9 26
723 8 9 26
197 19 8 26
607 18 8 26
2937 9 9 26
3404 10 9 26
2402 11 9 26
429 16 5 26
4030 15 5 26
2335 19 2 26
3481 15 6 26
393 11 6 26
1537 18 2 26
4623 14 6 26
2407 12 6 26
1756 9 0 26
57 10 0 26
3738 14 3 26
2513 10 1 26
2846 11 1 26
2529 16 2 26
1989 12 1 26
4525 13 16 27
1363 12 16 27
4117 2 10 27
2291 2 9 27
1781 0 8 27
4601 0 7 27
2608 3 8 27
870 5 8 27
3267 8 6 27
965 8 7 27
274 16 9 27
2975 12 7 27
2942 18 1 27
496 16 3 27
2767 15 3 27
3952 15 2 27
4520 17 13 28
1667 0 9 28
1395 3 10 28
4267 4 10 28
3017 3 9 28
1437 2 6 28
4467 4 9 28
2653 3 6 28
820 4 8 28
1471 4 6 28
4057 5 6 28
267 7 6 28
4223 6 8 28
986 10 7 28
969 14 7 28
4433 19 11 29
2995 18 11 29
1630 1 12 29
3741 5 5 29
2710 17 9 29
2328 15 7 29
2505 10 6 29
4558 19 4 29
1676 10 5 29
3702 18 4 29
3236 12 3 29
4720 18 13 30
4305 12 18 30
2207 12 19 30
445 11 19 30
3768 10 19 30
3365 9 19 30
3429 8 19 30
3832 8 18 30
2304 8 17 30
2525 3 12 30
1730 3 5 30
975 19 3 30
4607 18 3 30
3264 15 0 30
3227 14 17 31
1732 14 16 31
2175 14 15 31
4658 16 15 31
4611 13 18 31
1927 0 10 31
2708 0 5 31
770 0 6 31
4764 18 7 31
1747 17 7 31
2794 17 8 31
81 9 3 31
4683 9 4 31
4590 10 4 31
2843 11 4 31
4378 12 4 31
1498 13 0 31
3207 16 16 32
4108 15 17 32
167 19 13 32
2854 19 12 32
64 18 12 32
4286 17 12 32
4576 4 12 32
409 2 2 32
3828 0 3 32
2230 0 4 32
4355 7 4 32
1959 6 4 32
129 6 5 32
3729 6 6 32
316 14 9 32
3936 4 3 33
3713 1 1 33
2219 0 11 33
1877 9 5 33
287 9 6 33
249 9 7 33
3094 16 6 33
3428 16 7 33
4219 16 8 33
763 15 8 33
779 16 4 33
264 16 3 33
3022 17 3 33
4232 17 2 33
1985 13 19 34
996 13 18 34
255 13 17 34
602 13 16 34
1967 12 16 34
1894 11 16 34
2629 10 16 34
1236 9 16 34
164 8 16 34
3152 8 15 34
3370 7 15 34
4053 7 14 34
862 1 13 34
4570 2 3 34
4773 2 5 34
657 19 1 34
4133 18 1 34
812 17 1 34
3759 14 2 34
4524 14 19 35
3060 14 18 35
3949 14 17 35
3837 16 17 35
2670 17 16 35
2943 19 14 35
951 17 15 35
477 6 11 35
3368 0 0 35
903 14 5 35
3189 5 12 36
308 19 6 36
876 18 6 36
2036 19 7 36
2676 18 7 36
3610 16 2 36
1895 0 17 37
4236 8 3 37
2693 4 15 37
2526 7 3 37
3314 6 3 37
1374 0 12 37
225 0 11 37
2345 9 0 37
257 10 0 37
3231 14 3 37
4344 12 2 37
4224 19 15 38
741 5 19 38
1682 5 18 38
4226 5 17 38
1949 6 12 38
1493 5 16 38
417 5 15 38
3194 1 0 38
1137 0 0 38
494 0 1 38
4210 0 2 38
3202 1 2 38
4159 1 3 38
3825 8 5 38
618 9 5 38
2451 9 6 38
273 9 7 38
2853 14 7 38
523 9 1 38
299 18 0 38
2139 17 0 38
2633 10 1 38
4034 16 0 38
3328 12 0 38
2210 17 17 39
1987 17 18 39
2129 16 18 39
1613 15 19 39
2228 19 16 39
1148 15 18 39
30 18 16 39
3140 15 17 39
2648 18 15 39
793 15 16 39
4752 18 14 39
2838 15 15 39
2157 17 14 39
3847 9 12 39
402 1 19 39
2531 1 18 39
3967 4 13 39
2762 11 6 39
3172 10 3 39
4116 12 6 39
830 10 4 39
566 19 2 39
42 15 4 39
3532 11 4 39
3910 12 4 39
4656 14 4 39
3721 18 2 39
4375 18 1 39
3436 9 11 40
2732 8 11 40
2224 7 11 40
4575 7 12 40
4182 4 17 40
2802 3 17 40
4703 0 13 40
4058 0 14 40
4069 0 16 40
4091 0 15 40
2040 6 8 40
3208 10 7 40
82 15 9 40
3316 15 5 40
59 15 6 40
1421 14 6 40
1881 17 4 40
61 11 3 40
3497 17 3 40
2196 11 0 40
587 17 2 40
2776 17 1 40
4692 16 1 40
2839 16 13 41
4446 16 12 41
3393 12 17 41
2474 12 14 41
280 11 14 41
1761 10 11 41
3120 10 12 41
1725 8 14 41
2473 7 10 41
3539 2 0 41
4490 6 10 41
4123 5 10 41
3681 2 1 41
3133 3 13 41
2494 5 11 41
930 4 11 41
3344 3 11 41
4290 5 6 41
1669 19 5 41
3941 18 5 41
4585 7 6 41
2155 16 5 41
4360 17 5 41
1642 17 6 41
1787 17 7 41
169 16 7 41
4671 16 8 41
2465 11 9 41
2665 15 8 41
771 14 8 41
4609 9 2 41
4684 10 2 41
501 11 2 41
1510 11 1 41
2208 12 1 41
3656 11 15 42
2607 12 12 42
2347 9 17 42
426 1 17 42
94 1 16 42
4348 1 15 42
2272 3 15 42
4354 1 14 42
4547 9 9 42
1702 10 9 42
2113 10 18 43
2444 11 18 43
1131 11 17 43
2875 11 16 43
2988 10 16 43
727 9 16 43
368 4 6 43
1349 11 5 43
1542 12 5 43
2772 18 18 44
1278 18 17 44
3765 18 16 44
3787 18 15 44
2137 18 14 44
3932 17 14 44
3859 16 14 44
333 7 17 44
1803 8 17 44
3179 10 14 44
1200 9 15 44
3255 8 16 44
4332 6 19 44
651 6 17 44
4229 5 19 44
1534 5 17 44
4423 5 18 44
2926 4 18 44
4731 7 1 44
2641 7 2 44
2764 6 2 44
2459 5 2 44
1362 5 3 44
2780 5 4 44
1752 4 4 44
947 17 19 45
2504 16 19 45
1653 15 19 45
850 15 18 45
4015 15 17 45
158 15 16 45
1751 16 10 45
4705 15 15 45
2609 16 11 45
1866 15 14 45
1040 15 13 45
4795 8 12 45
1109 3 19 45
4124 3 18 45
1533 4 0 45
3395 3 0 45
3696 3 1 45
3228 3 6 45
2238 4 9 45
1234 4 8 45
2470 18 8 45
53 13 9 45
1759 15 0 45
1521 12 11 46
3100 11 11 46
2970 10 15 46
1738 9 15 46
2898 8 15 46
2023 7 15 46
642 7 14 46
2317 2 19 46
2406 16 9 46
3870 12 7 46
1571 18 4 46
4051 12 3 46
3059 15 3 46
2029 15 2 46
366 9 14 47
2593 4 16 47
3397 3 16 47
2296 4 1 47
4565 3 5 47
894 8 6 47
3745 8 7 47
541 12 9 47
1209 14 9 47
3416 17 11 48
473 16 11 48
2324 15 11 48
1904 0 19 48
1594 0 18 48
2010 1 18 48
922 2 18 48
3578 6 14 48
3649 3 12 48
3897 19 8 48
101 18 8 48
3905 18 7 48
912 8 9 48
1516 17 7 48
4765 16 7 48
298 10 6 48
1392 10 5 48
1831 19 4 48
2366 11 5 48
142 19 3 48
2389 18 3 48
1247 12 5 48
1859 18 0 48
3871 17 3 48
3244 17 2 48
2618 17 0 48
4753 16 0 48
1978 12 0 48
1720 15 12 49
3616 14 12 49
3297 13 12 49
4357 7 0 49
2141 9 10 49
1086 8 10 49
4484 7 10 49
150 6 10 49
1973 5 10 49
3493 5 11 49
997 4 11 49
3137 3 11 49
576 7 9 49
3587 11 7 49
3626 15 7 49
1875 14 7 49
3608 9 1 49
1700 10 1 49
2859 11 1 49
558 12 1 49
4740 13 0 49
4794 19 18 50
3262 18 19 50
687 19 17 50
910 17 19 50
2918 18 17 50
3213 16 19 50
3411 15 19 50
1760 18 16 50
2253 15 18 50
3844 18 15 50
4489 15 17 50
1338 18 14 50
1606 17 14 50
2057 15 16 50
1704 16 14 50
170 15 15 50
2797 15 14 50
2724 15 13 50
1612 14 13 50
2605 13 13 50
4435 12 13 50
1246 11 13 50
1956 5 0 50
3257 5 1 50
1227 3 9 50
4367 2 6 50
2592 3 8 50
3309 6 4 50
1836 5 8 50
279 4 19 51
165 8 0 51
1963 3 19 51
2523 2 19 51
2635 8 1 51
1385 7 1 51
3101 2 18 51
1225 7 2 51
4157 2 17 51
2245 6 2 51
3170 2 16 51
4171 5 2 51
4200 2 15 51
4393 4 2 51
3167 3 2 51
8 3 3 51
4230 3 4 51
908 2 4 51
4432 0 6 51
460 9 3 51
1589 6 6 51
376 9 4 51
3104 19 9 51
4579 18 9 51
3927 17 9 51
921 17 8 51
2938 16 8 51
3239 15 8 51
1567 19 1 51
548 18 1 51
3353 14 2 51
3075 13 10 52
905 12 10 52
4273 7 19 52
3697 12 11 52
4090 7 18 52
209 11 11 52
157 7 17 52
3658 10 11 52
641 10 12 52
1911 5 5 52
2882 6 5 52
940 7 4 52
1870 7 5 52
2064 9 19 53
1982 9 18 53
4568 8 19 53
1022 10 17 53
3381 8 18 53
1514 8 17 53
4437 8 16 53
889 2 5 53
4635 0 7 53
4554 8 4 53
1971 8 5 53
3725 9 5 53
3350 9 6 53
617 9 7 53
536 13 14 54
48 11 12 54
1609 7 16 54
2252 6 15 54
2755 5 13 54
4004 4 10 54
3010 2 2 54
2461 1 12 54
3183 0 3 54
3400 2 3 54
3114 0 4 54
2390 0 5 54
4598 18 2 54
3461 11 3 54
929 12 3 54
1105 18 11 55
444 17 11 55
3345 16 11 55
1587 15 11 55
1868 15 12 55
1892 12 16 55
3027 11 16 55
4359 10 16 55
1186 10 15 55
2667 9 15 55
3412 1 0 55
336 1 13 55
4479 0 0 55
3811 0 1 55
4429 0 2 55
4334 0 8 55
4242 17 4 55
2510 17 3 55
1863 19 19 56
1302 18 19 56
590 17 19 56
2079 16 19 56
126 15 19 56
4001 15 18 56
1527 15 17 56
2480 15 16 56
2075 15 15 56
2396 14 14 56
3887 6 11 56
2951 5 11 56
1157 4 12 56
4282 4 11 56
4061 3 10 56
217 3 11 56
1155 0 9 56
1263 2 9 56
3219 15 9 56
4394 15 8 56
2112 14 8 56
2292 15 6 56
4755 14 6 56
1441 9 2 56
115 10 2 56
1110 11 2 56
1543 14 3 56
2136 12 2 56
3800 12 15 57
1013 10 19 57
3624 9 19 57
295 8 19 57
2322 11 10 57
3224 8 18 57
1364 11 11 57
3663 0 10 57
4164 6 8 57
2089 10 7 57
159 11 9 57
1301 9 0 57
4122 10 0 57
2904 11 0 57
3934 11 1 57
3351 17 1 57
3161 12 1 57
1678 19 14 58
998 17 12 58
245 18 14 58
509 17 14 58
260 5 18 58
522 4 18 58
3169 4 19 58
4016 3 19 58
3130 5 16 58
4382 5 15 58
2098 5 3 58
3320 7 6 58
4161 19 5 58
3398 18 5 58
4040 15 4 58
3597 14 4 58
1633 17 16 59
3533 17 15 59
4416 16 15 59
2866 13 17 59
3594 16 14 59
107 13 16 59
214 13 15 59
1782 13 14 59
1468 0 14 59
420 0 16 59
3971 0 15 59
2130 1 15 59
2095 2 10 59
4018 5 6 59
3347 19 7 59
1451 18 7 59
1083 17 7 59
3468 17 6 59
338 17 5 59
176 19 0 59
364 16 5 59
418 10 3 59
4454 11 6 59
3535 15 5 59
1031 12 6 59
887 10 4 59
2986 19 1 59
62 19 2 59
3050 11 4 59
851 14 5 59
2188 12 4 59
2214 18 2 59
3337 16 3 59
1916 17 2 59
3090 18 10 60
948 17 10 60
3184 16 17 60
1910 15 17 60
1830 15 16 60
1580 14 10 60
4190 1 19 60
2452 2 19 60
4780 2 18 60
3764 2 1 60
2002 2 0 60
3852 4 13 60
198 1 0 60
937 3 13 60
4303 0 0 60
2741 0 1 60
2226 0 13 60
1381 0 2 60
2575 0 12 60
2500 1 2 60
2414 0 11 60
832 1 3 60
1909 19 11 61
540 13 11 61
4592 11 19 61
1757 10 19 61
306 13 10 61
3302 12 10 61
846 11 10 61
3829 11 11 61
1065 11 12 61
2769 7 3 61
4248 17 13 62
1545 17 14 62
1422 15 10 62
3035 16 14 62
2664 8 14 62
2761 18 12 63
2961 18 11 63
1634 17 11 63
2515 16 11 63
3034 14 15 63
1436 9 12 63
1918 6 0 63
252 6 1 63
54 6 2 63
1048 6 3 63
2279 5 3 63
1232 5 4 63
1104 4 4 63
4275 10 9 63
1272 16 4 63
1207 16 3 63
4648 13 0 63
1665 13 18 64
2501 12 19 64
4672 11 19 64
3515 10 19 64
3145 9 19 64
3069 8 19 64
1106 8 18 64
1260 8 17 64
4732 11 14 64
3714 8 16 64
2862 8 15 64
2197 7 15 64
1845 7 14 64
1271 6 9 64
3973 5 9 64
806 5 8 64
735 14 9 64
2743 12 9 64
2850 9 1 64
4263 10 1 64
1074 11 1 64
3496 1 14 65
3234 9 9 65
1199 14 7 65
3746 14 16 66
1825 14 11 66
4438 12 14 66
2617 6 17 66
2361 6 12 66
2877 5 17 66
4633 4 17 66
3785 3 17 66
3679 2 8 66
4442 7 9 66
4283 7 8 66
2773 15 7 66
4021 11 7 66
1839 18 1 66
1771 12 0 66
3925 12 1 66
3525 15 1 66
4381 13 1 66
1581 19 16 67
3193 14 18 67
973 18 16 67
2430 17 16 67
4522 14 17 67
628 17 15 67
2683 17 14 67
201 16 14 67
932 6 19 67
2294 7 11 67
2579 5 19 67
513 7 12 67
1607 4 19 67
4055 3 19 67
954 2 19 67
1767 2 18 67
1355 1 16 67
589 2 17 67
2873 3 15 67
1047 2 16 67
2899 2 15 67
3036 4 1 67
221 4 2 67
4583 3 2 67
647 3 5 67
1957 2 2 67
2786 8 6 67
3731 13 9 67
676 18 0 67
3755 17 0 67
2856 19 10 68
1420 16 18 68
4787 13 19 68
2707 16 17 68
3106 12 19 68
2257 15 17 68
749 12 18 68
1807 12 17 68
2441 15 16 68
4443 13 17 68
3273 15 15 68
2627 15 14 68
2356 13 16 68
825 10 10 68
3424 13 15 68
4358 11 10 68
4195 13 14 68
646 11 11 68
815 11 12 68
4422 3 8 68
2105 19 6 68
752 18 6 68
465 17 6 68
2383 17 5 68
4136 19 12 69
3522 19 11 69
294 4 5 69
4227 0 5 69
4188 2 6 69
4498 19 9 69
2437 18 9 69
3903 17 9 69
1049 9 7 69
3191 17 8 69
598 16 6 69
1366 10 6 69
4140 19 4 69
2016 19 3 69
701 11 3 69
3878 12 3 69
1626 15 3 69
3221 16 1 69
3631 16 0 69
1808 15 0 69
4162 18 13 70
447 18 12 70
3563 18 11 70
4589 17 11 70
744 16 11 70
595 15 11 70
2476 15 12 70
4595 8 3 70
4245 4 15 70
583 7 3 70
4046 6 10 70
2729 5 10 70
3096 6 3 70
4669 6 4 70
4038 5 4 70
758 4 4 70
2005 3 4 70
2352 0 4 70
656 2 4 70
3402 6 6 70
500 16 9 70
2907 16 7 70
1414 9 3 70
3644 16 8 70
2121 9 4 70
1980 9 6 70
203 10 4 70
2489 12 7 70
693 18 4 70
2411 18 3 70
1487 18 2 70
268 14 3 70
2482 8 11 71
3403 7 11 71
4272 7 12 71
1618 5 12 71
2401 5 11 71
4695 4 11 71
1456 3 11 71
855 1 1 71
3158 1 2 71
4670 3 6 71
920 8 9 71
2885 7 4 71
3389 17 4 71
4487 17 3 71
956 5 0 72
14 5 1 72
4371 4 1 72
1796 4 2 72
3615 0 6 72
356 3 9 72
4322 4 9 72
1423 4 8 72
2026 4 6 72
1446 5 5 72
4727 6 5 72
148 8 4 72
4317 7 5 72
3113 8 5 72
1659 9 5 72
3295 10 5 72
2239 14 6 72
1029 11 5 72
4748 9 2 72
1356 12 5 72
1972 10 2 72
1988 11 2 72
2170 12 2 72
442 17 18 73
2674 16 18 73
1006 18 15 73
1281 16 17 73
3307 17 15 73
2765 15 17 73
1846 17 14 73
2716 15 16 73
3301 16 14 73
4148 15 15 73
2571 4 3 73
350 0 13 73
2582 2 2 73
2774 0 12 73
453 0 11 73
4453 2 9 73
4698 15 9 73
3793 19 5 73
1108 18 5 73
1406 17 5 73
213 15 6 73
2104 16 5 73
950 15 5 73
2564 14 5 73
1210 15 4 73
2184 11 4 73
3358 14 4 73
2248 12 4 73
3143 16 12 74
3820 15 12 74
1482 1 0 74
416 0 0 74
972 3 13 74
1958 4 12 74
1879 4 11 74
2090 0 1 74
4781 3 10 74
3274 0 2 74
4235 3 11 74
2619 0 3 74
2733 0 9 74
3469 7 17 75
878 8 17 75
1801 8 16 75
3708 8 15 75
2730 7 15 75
703 7 14 75
1021 4 13 75
3477 2 0 75
1650 4 0 75
3342 3 0 75
1134 1 12 75
3630 2 5 75
1277 0 7 75
3041 19 8 75
2364 18 8 75
2796 17 1 75
3817 9 11 76
114 10 11 76
1538 10 12 76
794 2 1 76
421 3 1 76
1724 3 12 76
610 11 6 76
2692 12 6 76
2956 10 3 76
3570 10 2 76
1601 18 17 77
2700 18 16 77
4079 4 19 77
443 5 18 77
2039 9 16 77
4462 4 18 77
2339 3 19 77
1696 12 12 77
4111 1 19 77
1592 2 19 77
3092 1 18 77
2758 3 18 77
802 2 18 77
290 7 10 77
4449 5 2 77
4293 4 2 77
2185 3 2 77
2478 3 3 77
4701 2 3 77
455 1 3 77
2778 1 4 77
3425 1 5 77
3250 1 6 77
4541 12 9 77
351 19 0 77
2971 19 1 77
2059 9 1 77
3920 10 1 77
2085 19 2 77
31 19 15 78
1791 18 15 78
3001 17 15 78
769 9 14 78
979 6 16 78
1806 7 1 78
4651 7 2 78
1151 7 3 78
3366 7 4 78
1683 7 5 78
961 7 6 78
4002 14 9 78
4306 19 13 79
3650 18 13 79
3245 14 10 79
2962 14 11 79
4761 7 18 79
4603 15 11 79
3083 7 17 79
1226 11 18 79
709 11 17 79
2174 0 18 79
2687 0 17 79
2740 1 17 79
318 6 11 79
883 4 10 79
1655 3 10 79
1305 3 11 79
3536 6 9 79
1590 5 9 79
563 5 8 79
2201 17 10 80
3857 19 14 80
2218 17 11 80
4715 14 14 80
3109 11 14 80
4328 1 13 80
3855 0 8 80
3760 19 7 80
1322 18 7 80
3173 18 4 80
2646 18 3 80
4036 18 2 80
2556 17 2 80
1857 14 3 80
4331 13 1 80
4301 17 17 81
3038 18 17 81
588 18 16 81
574 18 15 81
1176 18 14 81
1194 17 14 81
3761 16 14 81
4721 8 12 81
3331 2 10 81
2847 5 6 81
3308 11 9 81
1842 12 7 81
1577 9 0 81
1885 10 0 81
1128 10 4 81
3423 11 0 81
4690 11 1 81
1373 15 19 82
1945 15 18 82
4347 8 19 82
223 8 18 82
2694 8 17 82
751 9 17 82
4304 10 17 82
776 6 18 82
4251 5 18 82
881 4 18 82
3559 5 16 82
3915 3 18 82
3286 2 18 82
1224 4 16 82
1089 5 15 82
1043 3 16 82
880 3 8 82
2410 19 6 82
4668 18 6 82
1125 17 6 82
3509 17 7 82
232 17 8 82
4424 16 7 82
2661 9 6 82
3199 9 5 82
3566 9 4 82
1935 9 3 82
1160 10 3 82
2053 10 2 82
2195 12 1 82
2148 11 2 82
3959 12 2 82
3975 15 1 82
166 15 0 82
1408 9 10 83
3071 8 10 83
4458 0 16 83
2455 0 15 83
800 1 15 83
4209 6 6 83
4342 16 9 83
2671 16 8 83
2963 12 0 83
2006 13 0 83
3123 16 13 84
527 9 15 84
4751 8 14 84
3139 6 4 84
4374 0 4 84
2251 6 8 84
4699 8 6 84
635 10 9 84
1566 10 7 84
2447 11 7 84
2659 13 9 84
1886 16 4 84
1393 16 3 84
2546 15 3 84
673 15 10 85
3385 16 10 85
936 17 10 85
1999 17 11 85
313 17 12 85
4606 16 12 85
1922 15 12 85
3676 11 10 85
2871 11 16 85
1261 5 13 85
2355 3 15 85
1233 3 5 85
1578 8 7 85
65 12 4 85
1858 13 15 86
3657 13 14 86
733 5 10 86
353 6 10 86
4234 7 10 86
766 7 11 86
103 7 12 86
4336 8 1 86
4455 7 0 86
1121 6 15 86
568 7 1 86
4397 4 15 86
893 7 9 86
808 19 4 86
1442 19 3 86
4508 11 4 86
2163 18 18 87
244 17 19 87
1327 18 17 87
582 16 19 87
650 18 16 87
2685 15 19 87
663 18 15 87
4240 18 14 87
1714 7 16 87
2878 17 14 87
2537 16 14 87
983 7 17 87
4739 13 10 87
1067 12 10 87
3848 13 12 87
4295 6 19 87
1605 5 19 87
1657 0 19 87
3836 5 18 87
411 0 14 87
2534 5 17 87
1641 4 18 87
2126 0 18 87
1357 0 15 87
1119 0 17 87
3735 3 18 87
993 4 17 87
1038 0 16 87
2254 2 18 87
1905 3 17 87
4476 2 17 87
1098 1 16 87
3447 2 16 87
1715 2 15 87
2566 2 8 87
859 16 6 87
3249 10 6 87
2923 17 4 87
2337 16 7 87
2022 10 7 87
4451 17 3 87
1138 15 7 87
271 18 3 87
2314 9 2 87
4747 15 4 87
3694 14 4 87
1560 16 16 88
3930 10 10 88
4492 11 10 88
83 9 12 88
827 6 12 88
3919 0 10 88
3011 17 9 88
4412 9 7 88
2910 16 9 88
2071 14 6 88
1093 9 19 89
3613 8 19 89
2069 8 18 89
4643 8 17 89
3484 9 17 89
4713 13 11 89
1929 12 11 89
3638 11 11 89
1512 11 12 89
4688 8 0 89
325 8 3 89
1706 7 0 89
304 6 0 89
841 8 2 89
1536 7 2 89
181 6 1 89
4678 6 2 89
3512 6 3 89
2568 5 3 89
4457 0 9 89
1903 2 5 89
3989 0 7 89
4337 7 8 89
3552 8 9 89
2989 19 8 89
482 18 8 89
44 19 2 89
2271 15 6 89
1814 18 2 89
3866 18 0 89
3773 17 0 89
3875 16 0 89
1005 14 19 90
3516 18 10 90
2048 15 19 90
2603 17 10 90
2642 15 18 90
1481 6 5 90
3341 6 4 90
4507 0 1 90
3727 0 2 90
27 1 12 90
653 0 3 90
1378 0 4 90
1865 8 4 90
1430 8 5 90
4527 8 6 90
4113 19 5 90
3524 18 5 90
2019 17 5 90
1517 9 1 90
2890 10 1 90
4582 19 0 90
2541 19 1 90
3391 10 2 90
1680 11 2 90
3005 18 1 90
567 17 1 90
2087 16 1 90
3923 14 17 91
3185 12 18 91
4257 12 17 91
3294 12 16 91
66 4 0 91
2695 5 5 91
1492 5 4 91
1188 4 4 91
2435 3 6 91
2514 12 9 91
1206 10 6 91
2015 10 5 91
1050 11 5 91
1926 12 5 91
2340 13 18 92
2013 13 17 92
4330 13 16 92
1873 13 15 92
1444 4 11 92
3037 13 14 92
38 5 11 92
4264 11 15 92
2580 5 10 92
2133 6 10 92
2372 7 10 92
1386 6 17 92
1805 5 17 92
367 4 17 92
2111 3 17 92
1648 2 0 92
2660 3 0 92
1405 3 1 92
3680 3 4 92
3558 2 4 92
1698 2 9 92
1998 2 6 92
3044 19 9 92
1908 18 9 92
4475 15 9 92
1313 16 15 93
1841 14 12 93
4784 8 15 93
2888 7 15 93
1774 7 14 93
1687 5 12 93
1966 4 12 93
2836 4 13 93
581 3 13 93
2052 0 5 93
2433 0 6 93
2307 3 9 93
3442 4 9 93
2180 4 8 93
3415 16 6 93
1143 11 6 93
1518 12 6 93
2908 18 19 94
671 17 19 94
2140 16 19 94
609 15 19 94
2268 13 19 94
784 17 13 94
4012 17 14 94
1075 12 19 94
2983 16 14 94
2338 1 18 94
1638 5 2 94
454 0 0 94
1290 4 2 94
3396 3 2 94
987 2 1 94
3822 0 1 94
1664 6 9 94
2049 5 9 94
2849 5 8 94
358 9 9 94
3160 14 7 94
146 13 2 94
3426 13 1 94
2824 15 1 94
689 19 10 95
3510 18 12 95
2288 18 10 95
339 14 18 95
