767025
2031
1759 0 19 1
4152 2 19 1
5641 0 18 1
2946 1 19 1
560 7 19 1
2709 3 19 1
4775 2 18 1
2676 6 19 1
1702 0 17 1
5237 7 18 1
4733 2 17 1
5081 3 18 1
2880 1 18 1
978 4 19 1
4554 4 18 1
29 6 18 1
4354 7 17 1
3651 2 16 1
5013 1 17 1
4906 5 19 1
4867 0 16 1
4028 3 17 1
3920 1 16 1
2289 5 18 1
3989 6 17 1
3357 4 17 1
535 7 16 1
1579 0 15 1
3249 7 15 1
483 6 16 1
3857 0 14 1
1068 5 17 1
4624 1 15 1
2094 1 14 1
269 6 15 1
3322 2 15 1
1884 3 16 1
673 5 16 1
860 0 13 1
2466 0 0 1
5268 2 14 1
5287 0 12 1
4416 5 15 1
2835 17 19 1
1990 3 15 1
2253 1 13 1
1419 4 16 1
197 7 11 1
5064 2 13 1
3842 3 0 1
2318 4 15 1
5236 3 14 1
1500 0 1 1
2936 1 12 1
285 7 12 1
2368 17 18 1
498 7 14 1
3210 1 0 1
5486 0 11 1
4389 6 11 1
3761 0 9 1
3212 16 19 1
21 14 19 1
4882 14 18 1
866 3 13 1
689 19 19 1
3538 16 18 1
5025 15 19 1
4925 4 14 1
4793 7 13 1
141 6 14 1
4053 6 12 1
4051 3 1 1
4078 0 2 1
3957 2 12 1
4483 2 0 1
2572 1 11 1
2814 1 9 1
4642 0 10 1
3721 1 1 1
2981 14 17 1
4494 3 2 1
1174 2 1 1
791 4 13 1
1803 1 10 1
2668 2 11 1
4505 1 2 1
186 6 13 1
2499 2 9 1
4484 15 18 1
3476 0 3 1
2984 5 14 1
4034 18 19 1
967 19 18 1
5505 3 12 1
2767 5 13 1
5164 2 10 1
2235 3 11 1
5097 2 2 1
4420 1 3 1
4460 0 8 1
214 15 17 1
908 0 4 1
2399 18 18 1
1903 19 17 1
1191 4 0 1
1728 4 12 1
340 3 9 1
4823 5 0 1
3098 2 3 1
939 4 11 1
5341 16 17 1
2167 18 17 1
1145 19 16 1
1559 3 10 1
4897 7 10 1
3990 1 8 1
2456 0 7 1
2819 4 1 1
2777 5 12 1
3025 1 4 1
4314 0 5 1
1310 15 16 1
3488 1 7 1
5047 1 5 1
5459 7 9 1
2528 18 16 1
4948 0 6 1
1635 19 11 1
2632 4 10 1
1892 17 17 1
4707 3 3 1
4109 6 10 1
1701 15 15 1
5108 2 4 1
2338 16 16 1
3642 4 2 1
2754 2 8 1
4213 5 11 1
1768 19 15 1
318 5 1 1
1290 2 7 1
1532 7 8 1
3494 4 9 1
3000 1 6 1
2459 5 2 1
5143 5 10 1
4165 17 16 1
28 18 11 1
4145 4 3 1
5016 18 15 1
4721 3 8 1
3930 10 19 1
4964 8 19 1
884 19 14 1
1965 19 12 1
4980 16 15 1
521 6 9 1
1058 3 4 1
3295 2 5 1
3258 9 19 1
3448 8 18 1
2423 13 19 1
4337 17 15 1
4381 4 4 1
3257 18 12 1
2794 10 18 1
551 5 9 1
3034 5 3 1
117 2 6 1
4309 19 13 1
1623 6 8 1
139 3 7 1
960 18 14 1
1280 4 8 1
1198 3 5 1
2164 8 17 1
179 13 18 1
2417 3 6 1
2089 10 17 1
2021 8 11 1
3013 12 19 1
1865 4 5 1
3828 9 18 1
4998 4 7 1
4933 17 14 1
2319 5 4 1
4877 18 13 1
375 5 8 1
1998 9 17 1
103 4 6 1
485 14 16 1
2432 12 18 1
215 13 17 1
2530 11 19 1
50 9 11 1
1394 5 5 1
2313 5 7 1
3565 6 4 1
2261 17 13 1
3900 8 12 1
3470 17 11 1
5076 8 16 1
4584 16 14 1
536 14 15 1
1639 13 16 1
3602 17 12 1
4660 12 17 1
1824 5 6 1
5452 11 18 1
1685 16 13 1
977 16 11 1
1959 15 14 1
457 9 12 1
4620 8 15 1
2947 6 5 1
2914 8 13 1
2721 6 7 1
5419 9 16 1
3634 10 0 1
1144 16 12 1
4746 15 13 1
1683 11 17 1
3983 9 13 1
3451 8 14 1
5634 9 15 1
5360 7 7 1
4326 14 14 1
1883 6 6 1
4183 13 15 1
3585 6 0 1
5571 10 12 1
5086 10 16 1
3180 12 16 1
4072 10 13 1
4987 14 13 1
5409 10 1 1
4320 9 14 1
803 12 15 1
2284 15 12 1
1946 13 14 1
4702 11 16 1
3182 9 0 1
99 8 7 1
3743 10 15 1
3094 7 6 1
423 6 1 1
386 7 0 1
3524 7 1 1
1311 13 13 1
3492 10 14 1
4710 6 2 1
1213 10 2 1
773 14 12 1
5327 9 7 1
5378 7 5 1
2156 8 0 1
5308 8 6 1
756 9 1 1
1456 11 15 1
4342 12 14 1
3440 9 6 1
3088 8 5 1
1038 9 2 1
1788 6 3 1
5533 8 1 1
715 7 2 1
2960 10 7 1
877 7 4 1
2384 11 14 1
77 12 13 1
683 13 12 1
3072 11 13 1
5542 12 12 1
2182 8 8 1
2830 8 2 1
3037 8 4 1
5331 8 10 1
2481 10 6 1
1589 13 11 1
5518 7 3 1
816 9 5 1
1529 16 0 1
528 15 0 1
4235 9 4 1
361 11 12 1
5190 16 1 1
1212 12 11 1
632 9 8 1
3966 9 10 1
4089 8 9 1
1762 10 5 1
670 8 3 1
4713 10 11 1
4092 11 0 1
1567 13 10 1
4345 11 11 1
3595 9 9 1
115 12 0 1
1376 10 10 1
3389 16 2 1
467 11 1 1
5295 10 8 1
3151 9 3 1
41 15 1 1
4669 10 4 1
1537 11 7 1
4826 14 0 1
3955 12 10 1
165 11 2 1
2574 10 9 1
1465 11 8 1
3481 11 10 1
1036 13 0 1
588 12 1 1
3250 10 3 1
3252 14 1 1
1891 12 7 1
2031 15 2 1
3516 12 2 1
5418 13 1 1
576 11 3 1
1267 19 5 1
2935 11 9 1
4102 14 2 1
2270 12 8 1
769 12 3 1
332 18 5 1
5435 19 6 1
4210 14 11 1
3422 12 9 1
3243 19 10 1
5481 11 4 1
2460 13 2 1
1258 18 6 1
3509 14 10 1
107 19 7 1
1329 13 7 1
1153 19 9 1
5146 11 5 1
4949 15 11 1
2600 18 10 1
1828 13 3 1
1434 13 9 1
2022 12 4 1
3300 18 7 1
1040 18 9 1
1953 11 6 1
4046 13 8 1
725 14 3 1
5565 15 10 1
370 14 7 1
2590 14 9 1
5324 17 10 1
2831 12 5 1
4629 13 4 1
1674 19 8 1
3607 16 10 1
92 15 3 1
176 15 9 1
4763 12 6 1
5305 13 5 1
3998 18 8 1
3280 17 9 1
620 14 4 1
5539 14 8 1
1375 17 8 1
5004 15 4 1
4770 13 6 1
4735 14 5 1
2000 15 8 1
2176 16 9 1
4406 15 5 1
5246 16 8 1
1997 14 6 1
3445 15 7 1
42 16 7 1
4368 15 6 1
4303 17 7 1
5082 16 6 1
3484 16 5 1
2450 19 4 1
3385 17 6 1
2780 17 5 1
2411 18 4 1
2624 16 4 1
929 19 3 1
1325 18 3 1
1138 17 4 1
1151 16 3 1
556 19 2 1
3464 18 2 1
4107 17 3 1
494 19 1 1
5182 18 1 1
3730 19 0 1
466 17 2 1
4625 18 0 1
1096 17 1 1
4188 17 0 1
2249 18 0 4
3747 19 0 5
4288 17 3 5
5114 19 1 5
3715 17 2 5
109 16 3 6
1449 17 6 6
4635 16 4 6
1155 19 4 6
1594 19 3 6
1632 19 2 6
5265 14 6 7
2792 15 7 7
1134 17 7 7
1794 11 6 8
3599 12 6 8
1670 12 5 8
4170 19 8 8
3760 18 9 8
4520 15 10 8
3091 14 7 8
3449 14 3 8
2622 13 6 8
3116 14 4 8
4400 17 9 8
903 15 9 8
5413 15 3 8
1898 15 4 8
4875 14 1 9
4827 12 1 9
1897 12 7 9
5313 12 8 9
4912 15 11 9
717 19 5 9
1149 19 9 9
4932 12 2 9
5504 11 5 9
3986 19 10 9
4829 19 6 9
4162 18 5 9
3270 14 11 9
1922 11 4 9
4975 13 7 9
4612 19 7 9
905 14 10 9
3608 12 4 9
5484 18 10 9
5483 18 6 9
111 13 8 9
2869 18 7 9
3869 17 10 9
4365 16 10 9
2266 18 8 9
2751 16 9 9
2810 17 8 9
2884 12 0 10
2304 8 9 10
1438 8 3 10
1259 13 10 10
4372 11 0 10
907 10 11 10
5241 10 8 10
1991 16 2 10
1963 10 10 10
1908 11 1 10
4664 12 10 10
3053 14 0 10
2050 11 7 10
2321 9 3 10
491 11 8 10
2613 13 0 10
454 11 2 10
4171 13 1 10
2216 8 1 11
3631 6 3 11
2896 12 13 11
4479 10 7 11
4595 9 5 11
619 13 11 11
106 16 0 11
307 8 8 11
5581 8 10 11
3660 15 0 11
3323 9 8 11
102 12 11 11
235 9 10 11
4656 16 1 11
3184 15 1 11
2899 9 9 11
1889 15 2 11
4734 10 9 11
1157 14 2 11
5055 13 2 11
2601 8 0 12
3215 9 0 12
4638 10 2 12
380 6 1 12
763 6 2 12
646 7 6 12
2699 10 15 12
82 7 5 12
5509 12 14 12
718 9 7 12
3240 13 13 12
4790 8 5 12
2241 10 0 13
2329 10 1 13
1343 6 6 13
2054 6 0 13
2654 13 15 13
755 9 1 13
3231 13 14 13
2393 8 13 13
4841 7 0 13
580 9 2 13
2388 9 16 13
1412 16 12 13
2852 11 17 13
889 10 16 13
2625 10 12 13
3450 7 1 13
1041 9 15 13
570 8 2 13
4983 12 15 13
2047 10 13 13
2145 7 2 13
623 15 12 13
2132 7 3 13
2564 7 4 13
4199 8 4 13
971 9 4 13
455 6 4 14
4665 16 11 14
3795 6 5 14
5171 11 19 14
4058 4 6 14
1491 17 11 14
3723 11 18 14
3758 17 12 14
1077 9 11 14
3729 13 17 14
302 14 16 14
2784 16 14 14
4167 15 14 14
2352 14 15 14
2762 13 16 14
238 14 14 14
4561 10 18 15
3403 10 17 15
2238 9 18 15
1839 19 13 15
1845 9 17 15
3937 4 8 15
4564 8 11 15
1183 17 14 15
4000 13 18 15
3605 8 12 15
1867 9 12 15
2480 9 13 15
5125 2 5 16
1369 10 19 16
1511 4 3 16
5040 9 19 16
5446 8 19 16
1827 7 8 16
4712 19 14 16
1386 18 11 16
914 3 8 16
3104 4 9 16
1462 6 8 16
2127 3 7 16
4441 13 19 16
4203 8 18 16
4943 4 7 16
4774 8 17 16
4606 12 19 16
601 8 16 16
2838 12 18 16
3545 8 15 16
3953 12 17 16
3597 12 16 16
904 8 14 16
2063 11 16 16
3737 9 14 16
2742 11 15 16
4160 10 14 16
5578 11 14 16
2017 11 13 16
1690 1 5 17
1048 1 7 17
1921 15 15 17
2078 17 17 17
3312 4 2 17
4560 3 3 17
2119 17 16 17
2137 19 15 17
1410 6 10 17
3513 19 11 17
2764 19 12 17
4134 18 12 17
2278 0 5 18
1341 0 7 18
4156 0 6 18
2453 1 6 18
2500 5 0 18
4694 1 4 18
925 15 16 18
1202 3 9 18
5471 18 17 18
2679 7 10 18
3583 4 11 18
5400 7 9 18
1603 6 9 18
3537 15 5 18
264 17 7 18
4445 15 7 18
1484 0 4 19
761 0 8 19
1384 1 8 19
501 0 3 19
3985 18 19 19
2723 1 3 19
4481 18 18 19
3339 2 8 19
4575 4 0 19
2280 19 18 19
1552 5 14 19
2737 4 1 19
3085 3 12 19
4924 2 7 19
3507 3 11 19
2816 2 6 19
4755 5 1 19
397 3 6 19
616 5 2 19
1989 3 5 19
1955 5 3 19
2916 4 5 19
4931 19 2 19
5577 1 1 20
5631 14 17 20
3204 3 2 20
1972 1 9 20
1470 0 10 20
843 2 11 20
2642 2 9 20
1893 17 5 20
1593 19 4 20
1658 19 3 20
266 0 2 21
3692 3 1 21
4417 2 0 21
1185 15 19 21
2972 2 1 21
526 2 12 21
2339 1 11 21
996 7 13 21
1517 3 12 21
189 4 12 21
3298 17 6 21
3157 16 3 21
3845 17 2 21
1722 19 19 22
2242 19 18 22
3546 19 17 22
3122 19 16 22
1546 18 16 22
1534 14 19 23
1518 16 19 23
4249 14 18 23
1433 0 9 23
1427 6 11 23
2196 17 3 23
5065 19 0 23
998 19 1 23
3421 1 0 24
4397 0 11 24
5621 7 14 24
5204 6 14 24
2663 0 10 24
4677 14 8 24
3302 15 3 24
5499 15 4 24
1059 15 8 24
3461 15 5 24
1830 3 0 25
1984 7 11 25
4418 2 0 25
4628 4 16 25
2279 7 12 25
5121 3 14 25
2150 2 1 25
1081 6 12 25
4272 6 13 25
4864 14 3 25
2296 17 9 25
3604 14 4 25
2905 14 5 25
480 17 1 25
4632 17 19 26
1002 17 18 26
568 16 18 26
1338 15 18 26
1721 15 17 26
1403 16 17 26
2596 16 16 26
400 16 15 26
488 17 15 26
1583 18 15 26
2340 18 14 26
4049 18 13 26
3049 17 13 26
949 16 13 26
3713 15 13 26
3020 13 8 26
95 0 0 27
981 0 1 27
1409 0 13 27
581 0 12 27
3560 1 1 27
421 2 14 27
1952 1 13 27
3850 2 13 27
4125 1 2 27
2178 1 12 27
4699 2 2 27
5261 3 13 27
4744 1 11 27
1927 1 10 27
4473 2 3 27
4148 2 10 27
1133 2 4 27
720 3 10 27
3274 3 4 27
5608 4 10 27
3632 4 4 27
5586 5 4 27
1241 5 5 27
4708 5 6 27
4754 14 14 27
3384 14 13 27
2187 14 12 27
3852 13 12 27
4298 18 6 27
1156 3 16 28
3397 13 0 28
3178 11 2 28
4225 13 1 28
2200 19 7 28
2551 18 10 28
4421 15 10 28
5061 18 7 28
2098 17 10 28
3367 16 10 28
544 0 14 29
5427 1 14 29
2003 5 17 29
5234 6 15 29
1046 11 7 29
2426 9 3 29
4144 11 8 29
2841 13 7 29
3763 14 7 29
5062 11 4 29
3620 12 4 29
1987 14 8 29
772 19 8 29
5549 18 9 29
5616 10 13 30
393 14 11 30
1383 14 10 30
1935 7 15 31
4627 0 15 31
942 7 16 31
2463 6 16 31
19 16 14 31
5036 14 16 31
3130 16 13 31
1924 13 16 31
2854 8 2 31
4241 15 13 31
23 12 16 31
3430 15 12 31
1749 12 15 31
3060 13 13 31
1351 8 5 31
5340 9 9 31
510 14 0 31
4986 13 0 31
1420 13 1 31
2645 18 5 31
1108 19 6 31
3402 18 6 31
5632 18 7 31
2670 19 2 31
2469 3 17 32
5445 6 17 32
655 4 17 32
4507 9 15 32
2760 7 1 32
5315 7 2 32
2413 8 6 32
2032 12 14 32
3736 16 1 32
4140 11 1 32
808 15 1 32
4938 12 10 32
2034 11 2 32
856 19 10 32
4470 18 10 32
798 11 5 32
2057 12 5 32
1312 18 9 32
394 0 16 33
5345 5 19 33
3176 9 11 33
4401 13 17 33
2882 10 16 33
4399 10 15 33
1613 7 5 33
4136 16 2 33
4163 10 8 33
96 10 10 33
2491 15 2 33
5543 10 9 33
1705 14 2 33
1089 12 2 33
1542 13 2 33
4082 6 18 34
1863 7 17 34
2906 2 16 34
2514 6 17 34
5605 9 16 34
4984 12 19 34
4088 12 18 34
1461 12 17 34
5117 7 6 34
2171 9 13 34
5186 12 6 34
4054 15 7 34
4439 17 7 34
2356 4 19 35
83 4 18 35
479 5 18 35
1350 5 17 35
3463 4 1 35
4396 2 7 35
3812 5 1 35
190 2 6 35
3134 5 2 35
2038 3 6 35
2275 5 3 35
422 3 5 35
1934 4 5 35
3160 5 4 35
3598 5 5 35
2425 8 12 35
392 16 13 35
3415 9 12 35
505 6 1 35
3102 10 12 35
3276 6 2 35
2823 10 13 35
4237 10 11 35
3552 19 9 35
2694 18 9 35
3350 1 18 36
4556 1 17 36
4736 1 16 36
172 1 15 36
5096 3 9 36
2043 4 13 36
3425 3 10 36
492 3 11 36
5374 4 11 36
5233 18 17 36
2143 7 10 36
3659 18 16 36
946 7 9 36
4422 6 9 36
3259 10 2 36
1429 7 0 36
512 7 1 36
4040 9 10 36
4771 12 11 36
4795 11 0 36
959 11 1 36
133 10 10 36
701 11 2 36
4911 19 5 36
247 19 6 36
4358 18 6 36
5458 18 7 36
1257 18 8 36
4740 17 8 36
3963 15 16 37
131 16 16 37
3959 16 15 37
659 17 15 37
2708 18 15 37
1126 4 6 37
1743 18 14 37
2848 8 18 37
5133 8 17 37
739 8 16 37
548 17 11 37
3170 9 1 37
2181 9 2 37
4788 8 15 37
5177 8 2 37
385 7 2 37
3175 7 3 37
4238 7 4 37
4920 15 11 37
4026 14 11 37
5022 14 10 37
4604 3 18 38
1858 4 18 38
4486 5 18 38
1012 9 8 38
3064 10 8 38
1599 10 9 38
2729 3 7 39
4403 13 19 39
2267 4 7 39
2788 13 18 39
555 12 18 39
2552 11 18 39
5442 11 17 39
894 11 16 39
3256 11 15 39
196 8 3 39
3081 8 4 39
1102 13 10 39
497 12 10 39
1664 2 17 40
1306 7 18 40
1019 7 17 40
5513 4 0 40
5375 4 1 40
3080 19 11 40
5291 19 12 40
4756 18 12 40
3467 6 8 40
4758 8 11 40
4168 17 14 40
4364 8 12 40
4542 8 13 40
2403 13 15 40
4220 13 14 40
2750 13 13 40
1009 15 0 40
1907 15 1 40
537 15 2 40
5338 14 2 40
552 12 8 40
1694 13 2 40
4415 19 3 40
3358 0 17 41
1868 1 4 41
2405 5 0 41
5115 5 1 41
2090 2 4 41
3893 6 10 41
4679 19 15 41
876 6 0 41
2152 7 0 41
597 7 1 41
2758 7 2 41
2323 7 3 41
2569 17 2 41
4036 2 8 42
4639 2 7 42
2207 4 9 42
3892 19 13 42
316 14 14 42
1083 14 13 42
3132 17 5 42
2775 19 4 42
451 2 18 43
4270 2 17 43
335 1 17 43
5387 1 16 43
3262 1 15 43
5461 2 15 43
489 3 15 43
4962 2 9 43
9 18 18 43
2244 0 6 43
271 1 6 43
5037 18 17 43
5045 2 6 43
2489 18 16 43
268 3 8 43
2948 4 8 43
5552 6 6 43
1624 11 19 43
2081 11 18 43
3982 11 17 43
2151 11 16 43
3377 11 15 43
922 1 11 44
5333 17 17 44
177 4 2 44
329 5 2 44
1400 17 16 44
4219 5 3 44
3843 9 18 44
4444 9 0 44
1804 16 0 44
1333 8 10 44
1860 8 8 44
2255 8 9 44
2009 15 0 44
4030 15 1 44
5594 9 9 44
4434 15 2 44
4641 10 9 44
4193 14 2 44
500 13 2 44
5300 19 8 44
2825 18 8 44
3485 17 8 44
726 16 3 44
953 7 19 45
398 3 19 45
2373 6 19 45
140 3 18 45
5228 4 18 45
1494 6 18 45
758 5 18 45
3734 6 17 45
2056 5 17 45
1248 5 16 45
1170 5 15 45
3808 4 15 45
8 1 3 45
1447 5 14 45
2067 2 11 45
748 3 12 45
220 4 12 45
1686 10 18 45
36 10 17 45
27 6 5 45
2686 9 17 45
3927 8 17 45
4177 8 16 45
2799 10 1 45
559 8 15 45
3638 8 14 45
1597 9 14 45
4075 10 14 45
1713 11 14 45
5278 11 13 45
1271 11 6 45
801 12 6 45
4892 15 9 45
2911 16 9 45
10 17 6 45
4043 1 2 46
2711 2 2 46
2693 0 10 46
254 7 13 46
1141 1 10 46
3965 18 19 46
5122 19 17 46
3314 18 18 46
3949 15 15 46
4037 2 10 46
4896 16 15 46
5647 3 10 46
2175 18 17 46
4007 19 16 46
2932 18 16 46
607 4 10 46
3310 15 3 46
1668 15 4 46
2315 15 5 46
3294 1 13 47
3885 2 13 47
4295 3 13 47
4680 1 7 47
4741 8 0 47
4525 16 11 47
1210 12 0 47
1111 11 0 47
1975 13 6 47
3832 19 1 47
3856 17 1 47
3609 0 18 48
3532 1 19 48
2937 1 18 48
1324 1 17 48
4812 1 16 48
4966 1 15 48
2128 2 14 48
4236 2 15 48
1710 3 15 48
2366 0 3 48
853 4 15 48
2547 4 14 48
941 10 0 48
4318 9 0 48
669 9 1 48
2363 9 2 48
1798 8 2 48
2928 9 6 48
2692 8 3 48
4528 8 4 48
3792 9 5 48
4 13 11 48
231 9 4 48
503 13 10 48
1823 12 10 48
1268 13 8 48
4609 17 9 48
3381 19 0 48
4504 1 1 49
4287 1 2 49
2588 7 14 49
569 1 3 49
145 6 14 49
948 18 11 49
3192 18 12 49
590 12 1 49
3618 11 1 49
4856 11 2 49
5436 12 7 49
3826 12 8 49
5019 18 5 49
990 11 4 49
1056 12 4 49
317 18 6 49
1488 18 7 49
2230 14 3 49
4659 14 4 49
4716 19 2 49
4378 2 1 50
4428 1 9 50
951 2 2 50
2696 2 12 50
2583 2 3 50
647 0 7 50
377 3 12 50
1334 4 12 50
1317 3 3 50
2927 1 7 50
2498 6 4 50
5368 13 0 50
1901 18 4 50
1829 16 18 51
1093 6 11 51
2483 19 14 51
4070 7 8 51
2705 6 8 51
4217 12 13 51
1466 2 19 52
3689 1 19 52
4586 1 18 52
3264 1 17 52
693 1 16 52
304 1 15 52
4732 2 15 52
963 3 15 52
3434 3 14 52
3035 0 9 52
5253 7 12 52
3886 6 12 52
4761 6 13 52
2001 16 1 52
351 15 1 52
3061 19 10 52
2048 18 10 52
2248 13 7 52
3699 11 5 52
611 12 5 52
2563 14 7 52
893 4 16 53
4573 14 18 53
1944 0 12 53
1653 0 11 53
5380 4 15 53
4847 0 10 53
2126 4 14 53
3112 1 10 53
2519 2 10 53
4640 3 10 53
1751 4 10 53
67 9 19 53
4547 8 19 53
2407 8 18 53
2410 8 17 53
565 8 16 53
612 8 15 53
3720 14 0 53
4781 11 8 53
2224 19 9 53
484 18 9 53
4894 2 0 54
3918 2 1 54
3164 1 8 54
2666 1 7 54
440 4 3 54
1459 12 16 54
499 12 15 54
5248 11 16 54
2300 12 14 54
1861 9 10 54
1478 12 11 54
2866 10 11 54
1101 10 10 54
5202 19 5 54
4370 19 6 54
1855 18 6 54
1031 18 7 54
4650 18 8 54
417 17 8 54
4253 1 0 55
4634 16 19 55
1595 15 13 55
867 8 6 55
2093 10 2 55
1508 9 2 55
768 8 2 55
1366 9 4 55
1520 17 10 55
5496 16 10 55
52 16 9 55
5440 19 3 55
277 0 13 56
5216 1 13 56
4753 2 13 56
5137 0 1 56
4567 1 1 56
3090 2 14 56
5441 1 2 56
4651 3 14 56
2826 0 5 56
1302 0 6 56
1161 6 9 56
3501 8 12 56
166 8 13 56
148 13 15 56
4025 9 15 56
4133 10 12 56
4194 10 13 56
3921 13 14 56
1776 13 13 56
668 16 2 56
3738 16 1 56
3652 15 1 56
5225 14 1 56
4495 13 1 56
4719 12 2 56
146 13 2 56
3915 17 7 56
5412 14 19 57
1971 15 19 57
1878 3 2 57
714 15 18 57
5376 15 17 57
301 16 17 57
1022 10 19 57
3068 9 19 57
2995 8 19 57
5516 8 18 57
4172 8 17 57
4701 8 16 57
4347 8 15 57
5270 6 1 57
1547 6 2 57
5113 7 5 57
195 8 5 57
665 6 3 57
65 7 3 57
464 15 11 57
5132 14 11 57
4404 14 10 57
1973 15 7 57
4693 0 8 58
1236 1 8 58
4454 1 5 58
1796 1 7 58
1854 1 6 58
2306 2 6 58
3781 3 6 58
1895 4 5 58
438 4 6 58
3409 14 16 58
3368 16 14 58
5370 13 16 58
2317 16 13 58
138 7 6 58
4201 10 16 58
4910 10 15 58
5479 7 4 58
2268 8 4 58
49 17 6 58
2005 4 17 59
2724 0 0 59
3428 5 17 59
3107 0 1 59
3694 1 1 59
2532 7 11 59
3452 1 2 59
5439 7 12 59
13 6 12 59
4859 19 18 59
4282 6 13 59
4728 18 18 59
1960 18 17 59
3978 18 16 59
767 18 15 59
4738 18 14 59
4973 17 18 60
1176 16 18 60
448 15 18 60
4593 15 17 60
3069 3 4 60
5477 16 17 60
2392 17 17 60
4426 17 16 60
3896 8 11 60
1787 8 12 60
4883 13 17 60
3101 12 17 60
1240 12 16 60
1633 14 8 60
4291 7 16 61
40 3 0 61
242 0 4 61
2044 2 0 61
1519 0 3 61
1816 4 0 61
3778 1 3 61
1588 4 1 61
5095 4 2 61
633 19 11 61
3093 6 5 61
104 19 12 61
4582 18 12 61
618 18 13 61
4977 9 11 61
1581 9 12 61
577 9 13 61
120 10 1 61
5127 10 2 61
1689 9 2 61
213 11 6 61
1097 12 6 61
1795 12 5 61
5623 6 15 62
2725 6 16 62
2229 3 1 62
654 2 1 62
2942 2 2 62
4383 19 19 62
2250 4 13 62
5010 2 3 62
3688 19 18 62
5410 2 11 62
3426 18 18 62
3788 3 3 62
2934 2 10 62
1757 18 17 62
2030 3 10 62
4963 4 3 62
260 4 10 62
3183 4 4 62
5212 10 18 62
3004 18 16 62
348 5 4 62
674 10 17 62
4062 18 15 62
1556 17 15 62
886 5 5 62
3196 9 17 62
1289 5 6 62
1995 8 17 62
2162 17 14 62
5303 8 16 62
1448 17 13 62
4772 17 11 62
1626 8 15 62
629 17 12 62
2637 8 14 62
2488 9 14 62
2082 10 14 62
4093 11 7 62
595 11 8 62
511 17 4 62
2856 18 3 62
5264 3 17 63
5432 4 17 63
3646 5 15 63
1042 12 19 63
2665 19 8 63
4804 18 8 63
2818 0 15 64
3230 13 18 64
538 11 19 64
3786 12 18 64
1576 11 18 64
3173 11 17 64
1474 6 0 64
2433 11 16 64
4333 7 0 64
450 11 15 64
1074 7 1 64
4063 7 2 64
3676 11 14 64
4377 11 13 64
3124 8 2 64
5026 8 3 64
572 7 10 65
5482 16 16 65
722 7 9 65
3393 17 16 65
1378 6 9 65
4644 6 6 65
5563 15 10 65
1752 14 6 65
136 19 0 65
4537 1 16 66
1373 7 15 66
2719 6 15 66
2662 5 15 66
4055 2 5 66
1132 2 6 66
2301 3 6 66
1398 4 6 66
1358 5 6 66
4207 8 8 66
2865 15 0 66
2845 15 1 66
2122 15 2 66
3364 15 4 66
1783 19 4 66
5224 19 3 66
4409 19 2 66
68 5 19 67
2085 3 8 67
3114 4 8 67
2374 4 7 67
1748 8 1 67
201 8 10 67
666 8 2 67
4150 8 3 67
2448 8 9 67
5187 9 3 67
3373 9 9 67
3067 10 9 67
1238 15 3 67
5252 19 7 67
5599 19 8 67
4496 14 3 67
1286 14 4 67
723 17 5 67
445 2 9 68
5009 2 10 68
564 19 16 68
943 3 10 68
3417 6 10 68
2796 19 15 68
4324 4 10 68
4330 18 15 68
5220 17 9 68
980 0 19 69
2353 1 19 69
2561 1 18 69
3555 6 19 69
2437 6 18 69
3719 3 16 69
4074 17 19 69
1872 17 18 69
2523 16 18 69
3557 14 17 69
3512 15 18 69
5494 15 17 69
697 16 17 69
1950 15 16 69
2256 16 16 69
508 17 16 69
12 16 0 69
1052 15 0 69
1550 15 1 69
1917 15 2 69
899 19 5 69
4099 19 6 69
839 13 8 69
4186 18 6 69
333 18 7 69
984 2 15 70
5372 2 4 70
5071 9 18 70
838 9 17 70
1530 8 17 70
4064 8 16 70
5383 14 15 70
2557 8 15 70
2539 8 14 70
2688 14 14 70
1136 9 14 70
2215 14 13 70
1914 10 14 70
828 11 14 70
4440 11 13 70
4497 11 12 70
4940 10 11 70
679 13 10 70
5251 11 11 70
4079 10 10 70
3376 3 19 71
2650 3 18 71
869 2 17 71
4251 1 17 71
2221 1 16 71
3976 1 15 71
3042 0 2 71
1535 0 3 71
3984 1 3 71
87 2 3 71
826 3 3 71
2468 4 3 71
5068 3 5 71
2074 15 14 71
3759 3 6 71
1203 16 14 71
3177 4 6 71
719 19 9 71
1065 18 9 71
4500 18 8 71
586 17 8 71
4797 16 8 71
5595 7 18 72
419 4 19 72
4757 7 17 72
5428 4 18 72
2673 6 17 72
5101 5 18 72
2129 5 17 72
4813 0 14 72
2919 1 14 72
4456 5 16 72
5174 4 16 72
246 2 14 72
5657 4 15 72
3840 4 11 72
988 19 13 72
4216 18 13 72
2088 13 11 72
43 15 11 72
1188 14 11 72
4106 14 10 72
848 12 6 72
686 12 5 72
4369 18 4 72
1418 19 4 72
5644 19 3 72
456 19 2 72
2316 18 2 72
2821 18 0 72
3526 5 0 73
4540 5 1 73
2626 4 1 73
3219 4 2 73
5598 4 3 73
4232 5 3 73
5437 15 15 73
2926 16 15 73
1964 17 15 73
2847 17 14 73
991 17 13 73
1013 17 12 73
4887 16 12 73
1407 15 12 73
3906 14 12 73
1282 13 0 73
250 14 0 73
4038 9 5 73
3303 15 0 73
127 9 10 73
1489 15 1 73
5396 10 10 73
2991 17 7 73
2920 16 7 73
2283 19 1 73
2019 18 1 73
1993 6 4 74
1088 5 4 74
1347 5 5 74
3006 16 1 74
173 16 2 74
401 11 6 74
3486 15 2 74
3653 14 1 74
5393 13 1 74
3880 14 2 74
5420 12 2 74
2924 11 5 74
3680 11 4 74
3224 13 2 74
4001 12 4 74
3844 15 9 74
4292 2 18 75
1786 2 17 75
4611 1 17 75
25 9 16 75
156 8 16 75
3349 10 2 75
2431 7 5 75
2350 8 5 75
966 9 6 75
4888 7 4 75
5336 8 4 75
1699 19 10 75
4828 18 10 75
1116 17 10 75
5451 16 10 75
4412 13 7 75
320 14 7 75
2559 13 6 75
4223 16 9 75
1284 17 6 75
3578 3 12 76
468 4 12 76
3666 6 1 76
3326 11 13 76
4534 6 2 76
3657 6 3 76
831 7 3 76
3924 9 4 76
2623 2 16 77
1976 1 16 77
2879 1 15 77
5356 1 14 77
159 2 14 77
2292 1 4 77
2097 0 9 77
5230 3 14 77
3414 1 3 77
1392 2 3 77
680 3 3 77
1379 3 11 77
5602 4 3 77
5342 10 12 77
5092 10 13 77
3480 10 1 77
4332 12 0 77
2970 11 0 77
1423 11 1 77
1700 11 2 77
5614 18 5 77
3586 12 8 77
5385 18 6 77
2621 18 7 77
3946 18 8 77
5395 0 12 78
3940 0 11 78
2493 0 10 78
2657 1 10 78
4103 19 17 78
1682 2 10 78
539 19 16 78
2973 19 15 78
265 18 15 78
2582 9 11 78
4533 9 12 78
3974 8 13 78
2871 8 14 78
3408 9 13 78
4033 8 6 78
513 13 15 78
249 13 14 78
3505 13 13 78
309 7 19 79
2837 7 18 79
3165 7 17 79
1732 6 17 79
1337 5 17 79
598 5 16 79
4510 4 16 79
3299 4 15 79
4474 14 18 79
4274 0 5 79
4407 0 7 79
2138 15 18 79
2593 13 19 79
1969 15 17 79
4286 0 6 79
4615 15 16 79
4085 1 6 79
667 13 18 79
606 5 2 79
2659 15 15 79
1649 2 6 79
4402 12 18 79
3078 4 9 79
3379 7 8 79
4117 3 6 79
3714 16 15 79
5032 11 18 79
596 17 15 79
1910 4 6 79
2179 11 17 79
359 6 8 79
3504 17 14 79
4889 16 11 79
5215 7 6 79
1251 10 0 79
1086 9 0 79
736 12 15 79
5256 9 1 79
2046 9 2 79
4015 8 2 79
5377 8 3 79
4123 9 3 79
4919 18 3 79
1691 3 9 80
2609 3 10 80
2840 8 19 80
1143 4 10 80
1629 8 18 80
496 8 17 80
4794 6 5 80
4242 8 16 80
783 8 15 80
2183 9 15 80
3468 17 12 80
346 9 14 80
4027 17 5 80
4868 17 4 80
331 2 13 81
1352 4 0 81
2660 6 12 81
5460 4 1 81
1495 6 13 81
1826 4 2 81
2072 19 11 81
1453 14 16 81
5580 13 16 81
1039 19 12 81
4119 18 12 81
830 12 7 81
1105 12 8 81
820 14 3 81
3544 14 4 81
312 0 16 82
46 1 16 82
4214 1 15 82
2496 1 14 82
469 3 15 82
4990 2 14 82
2121 0 4 82
5648 1 4 82
298 3 14 82
1994 4 14 82
1669 1 3 82
2193 5 14 82
5213 5 13 82
4810 5 12 82
2385 3 0 83
1184 2 0 83
4385 2 1 83
5207 18 19 83
4204 2 12 83
2894 18 18 83
128 18 17 83
1607 3 12 83
5284 19 17 83
4084 1 7 83
1807 3 11 83
5219 19 16 83
975 2 7 83
2441 19 15 83
1025 4 5 83
994 18 15 83
3977 12 1 83
780 10 8 83
4605 11 1 83
4696 11 2 83
1740 13 17 84
1331 19 14 84
1395 12 17 84
2534 12 16 84
735 11 16 84
4269 10 16 84
4724 10 15 84
1245 7 12 85
4923 1 2 85
810 6 12 85
3520 6 13 85
727 18 11 85
3321 18 12 85
2875 3 7 85
171 4 7 85
162 8 0 85
2265 9 0 85
2611 9 1 85
3580 9 2 85
3662 8 8 85
609 8 9 85
930 9 9 85
1566 11 7 85
5334 10 9 85
2501 11 8 85
167 5 15 86
435 1 12 86
2839 1 11 86
3056 1 10 86
1695 10 19 86
388 9 19 86
325 2 10 86
4523 8 19 86
5005 3 10 86
1163 8 18 86
1641 4 10 86
1061 17 11 86
4566 17 12 86
3239 15 13 86
4878 7 1 86
2998 7 2 86
1177 13 10 86
1586 12 10 86
935 14 9 86
2421 15 3 86
3435 15 4 86
5110 1 13 87
3253 16 19 87
1848 3 2 87
5168 1 5 87
5083 10 18 87
5636 2 5 87
2546 10 17 87
3179 9 17 87
2217 18 16 87
1222 8 11 87
2638 8 17 87
1655 8 16 87
4247 8 12 87
4252 8 15 87
3889 8 13 87
4944 9 13 87
5210 9 15 87
1049 9 14 87
4970 10 14 87
2738 16 0 87
4767 16 1 87
395 16 2 87
4086 19 5 87
2349 19 6 87
3610 19 7 87
4129 19 8 87
5475 18 8 87
775 17 8 87
5359 18 0 87
3392 0 17 88
661 0 16 88
2070 1 16 88
79 1 15 88
4706 1 14 88
1939 2 14 88
1150 3 14 88
3614 15 16 88
2302 15 15 88
3547 17 16 88
3405 12 11 88
4263 10 11 88
2240 9 8 88
5085 9 9 88
174 10 9 88
362 17 6 88
5179 19 0 88
4080 18 2 88
2439 7 16 89
5245 7 17 89
3991 6 17 89
915 14 17 89
1772 17 17 89
1023 1 8 89
3199 4 4 89
900 14 14 89
4820 14 13 89
239 8 10 89
4344 9 10 89
101 10 10 89
2562 13 7 89
2805 12 5 89
724 14 7 89
5624 14 5 89
3382 15 7 89
2536 17 7 89
1269 15 5 89
5386 18 4 89
4836 19 4 89
93 19 3 89
1355 19 2 89
553 19 1 89
1968 18 1 89
1545 17 19 90
5645 1 0 90
3916 17 18 90
2075 3 13 90
969 16 18 90
2938 2 11 90
3311 12 19 90
4095 12 18 90
420 12 17 90
3839 12 16 90
2836 12 6 90
567 0 13 91
917 1 13 91
3335 0 8 91
1612 1 8 91
3010 1 7 91
2504 2 7 91
1146 2 6 91
1387 3 6 91
1252 4 6 91
4870 9 5 91
178 19 10 91
1800 18 10 91
5035 14 10 91
1300 17 10 91
5196 16 10 91
3768 16 9 91
704 18 3 91
2630 7 11 92
678 7 12 92
5161 6 14 92
1079 6 12 92
180 1 9 92
3167 6 13 92
1032 2 9 92
2824 2 10 92
3234 3 10 92
5455 6 10 92
2954 4 10 92
2671 6 6 92
1569 7 6 92
168 16 11 92
3254 10 0 92
5550 9 0 92
2106 12 15 92
2918 9 1 92
4526 13 0 92
1299 7 4 92
794 8 1 92
2812 14 0 92
1130 8 2 92
2863 15 0 92
4988 15 1 92
158 15 2 92
4398 14 2 92
1806 17 9 92
804 18 0 92
1340 3 17 93
5364 4 17 93
5530 0 0 93
5379 0 1 93
122 1 1 93
4175 1 2 93
3536 5 14 93
3682 6 9 93
3117 3 8 93
5492 4 8 93
1214 18 14 93
627 14 15 93
3011 14 14 93
5353 14 13 93
5310 13 11 93
891 11 12 93
1015 12 2 93
2312 11 5 93
1256 19 6 93
4727 14 11 93
5540 11 4 93
3229 19 7 93
4779 12 4 93
3443 15 11 93
1925 19 8 93
3166 15 10 93
2026 15 9 93
4616 6 15 94
605 3 16 94
396 3 15 94
5105 19 19 94
2358 19 18 94
142 19 17 94
1992 4 11 94
1584 19 16 94
3106 9 18 94
940 18 16 94
4410 9 17 94
2259 7 9 94
315 8 17 94
2445 8 16 94
132 8 15 94
2298 9 6 94
795 10 8 94
563 10 9 94
4511 19 9 94
3681 18 9 94
5390 2 19 95
3877 2 18 95
1159 6 19 95
2049 6 18 95
1852 6 17 95
5155 14 19 95
2798 7 13 95
4208 15 19 95
303 5 0 95
3847 15 18 95
3284 4 1 95
5402 5 1 95
2715 4 2 95
1276 5 2 95
681 19 15 95
5249 4 9 95
1021 4 5 95
1999 12 1 95
3119 9 4 95
5288 13 6 95
5620 0 14 96
2817 3 1 96
3354 3 2 96
1665 6 11 96
258 6 12 96
5322 2 2 96
1979 2 8 96
2380 2 7 96
