752050
1981
2780 19 6 1
39 18 6 1
4132 15 5 1
285 19 5 1
3879 19 0 1
321 17 6 1
1305 18 5 1
1128 16 5 1
1353 19 4 1
823 15 4 1
945 19 3 1
2843 19 1 1
248 17 5 1
3705 16 4 1
1441 15 3 1
3204 18 0 1
2858 18 4 1
2580 9 0 1
2201 16 3 1
2365 18 1 1
3312 17 4 1
3286 18 3 1
184 17 0 1
1997 19 2 1
1170 9 1 1
3455 10 0 1
2271 17 3 1
2920 17 1 1
645 16 0 1
4227 18 2 1
3162 16 1 1
484 9 2 1
683 17 2 1
2220 10 1 1
4251 15 0 1
3324 11 0 1
1046 10 2 1
4423 16 2 1
2173 15 15 1
1627 12 0 1
1530 14 0 1
1471 11 1 1
3609 15 1 1
2011 9 3 1
2825 15 2 1
664 14 1 1
3199 13 0 1
2041 12 1 1
4033 11 2 1
1026 10 3 1
3887 9 4 1
1120 19 14 1
3985 15 14 1
2643 18 14 1
961 19 7 1
1032 12 2 1
2668 9 5 1
2536 13 1 1
2151 11 3 1
1495 14 2 1
4009 19 13 1
2305 15 13 1
3361 10 4 1
3511 16 14 1
3184 19 12 1
4399 10 5 1
3864 18 13 1
4200 11 4 1
88 9 6 1
4281 16 13 1
3148 12 3 1
1216 13 2 1
610 18 7 1
872 17 14 1
1211 14 3 1
4369 15 12 1
472 19 8 1
640 17 13 1
1319 18 8 1
1755 9 7 1
2630 18 12 1
1596 19 9 1
181 10 6 1
2105 16 12 1
1706 16 6 1
1989 11 5 1
2904 12 4 1
4320 19 19 1
4443 13 3 1
3137 17 7 1
384 14 4 1
2438 19 11 1
1880 19 18 1
3757 17 12 1
1903 17 8 1
2436 10 7 1
1716 18 9 1
4101 18 11 1
1123 11 6 1
3802 18 19 1
3471 16 7 1
3788 12 5 1
3888 13 4 1
141 14 5 1
3546 15 6 1
1005 19 10 1
3929 17 11 1
475 11 7 1
1854 18 18 1
3135 18 10 1
2798 16 8 1
4280 19 17 1
3984 15 7 1
1770 12 6 1
2626 17 9 1
1361 19 15 1
1508 13 5 1
407 17 19 1
1182 14 6 1
3636 16 19 1
3133 15 8 1
3518 17 10 1
3264 17 18 1
3581 16 9 1
1219 14 7 1
2645 18 15 1
330 18 17 1
2235 19 16 1
3481 12 7 1
3529 13 6 1
2196 18 16 1
2071 17 15 1
2545 15 19 1
2003 16 10 1
1119 14 8 1
3028 17 17 1
1421 16 18 1
277 15 9 1
1345 13 7 1
2380 15 10 1
1837 13 8 1
1894 15 18 1
2800 16 17 1
1561 16 15 1
2926 16 11 1
2709 14 9 1
4180 14 19 1
4282 17 16 1
105 12 8 1
774 13 19 1
2152 16 16 1
2031 14 18 1
4027 14 10 1
2425 15 11 1
2863 15 17 1
1021 13 9 1
2932 7 9 1
996 12 19 1
4128 13 18 1
2723 13 10 1
75 12 9 1
238 9 8 1
2268 7 10 1
180 15 16 1
2763 11 8 1
920 14 11 1
2612 8 9 1
2121 14 17 1
2803 11 9 1
646 9 9 1
3877 13 17 1
1490 14 12 1
21 11 19 1
2881 14 16 1
876 10 8 1
3638 12 10 1
146 12 18 1
1047 13 11 1
4382 7 11 1
1200 8 10 1
4447 8 11 1
3628 12 17 1
1635 13 16 1
3168 11 10 1
2606 10 9 1
2529 9 10 1
1538 12 11 1
2493 14 15 1
1563 11 18 1
138 13 12 1
4278 14 13 1
812 7 12 1
1871 8 12 1
4015 13 15 1
2440 11 17 1
2019 10 10 1
3892 12 12 1
4245 12 16 1
115 13 13 1
653 11 11 1
4059 14 14 1
2066 9 11 1
3227 11 16 1
746 13 14 1
2034 10 11 1
565 9 12 1
155 12 15 1
1053 12 13 1
316 11 12 1
732 11 13 1
971 11 15 1
3096 12 14 1
667 10 12 1
3965 11 14 1
3930 10 13 1
1302 10 14 1
3083 9 13 1
389 10 15 1
4317 10 19 1
2048 8 13 1
4413 9 14 1
2769 9 19 1
3706 7 13 1
1922 9 15 1
408 8 14 1
1187 10 18 1
4016 10 16 1
3279 0 19 1
3482 10 17 1
1704 9 18 1
2378 9 16 1
3839 7 14 1
237 8 15 1
544 8 19 1
4064 7 19 1
266 0 18 1
34 7 15 1
752 6 14 1
2231 9 17 1
2238 8 16 1
1055 1 19 1
1237 8 18 1
2344 0 17 1
1757 6 15 1
1653 7 16 1
3462 7 18 1
1908 1 18 1
3680 2 19 1
678 6 19 1
2471 5 14 1
226 8 17 1
4017 6 16 1
930 5 15 1
2061 3 19 1
527 0 16 1
1317 1 17 1
1172 6 18 1
1159 7 17 1
174 5 19 1
2454 2 18 1
1617 6 17 1
606 3 18 1
557 1 16 1
3711 0 5 1
3261 2 17 1
3842 5 16 1
2033 0 15 1
16 5 18 1
229 4 19 1
3736 0 6 1
2291 0 14 1
240 5 17 1
1312 4 18 1
2675 3 17 1
2975 1 5 1
23 1 15 1
343 2 16 1
3509 1 14 1
259 0 7 1
1679 1 6 1
485 4 17 1
3117 2 15 1
3067 0 13 1
531 3 16 1
409 2 5 1
3055 2 14 1
614 4 16 1
1126 1 7 1
379 0 8 1
825 1 13 1
3672 0 12 1
2047 3 15 1
2062 2 6 1
33 4 15 1
1449 1 8 1
2395 2 13 1
890 1 12 1
318 3 14 1
837 2 7 1
4159 0 11 1
3110 0 9 1
3147 3 13 1
2523 0 10 1
871 1 11 1
2511 2 12 1
36 4 14 1
3988 1 9 1
2359 2 8 1
1017 4 13 1
685 1 10 1
1333 2 9 1
3185 2 11 1
2915 3 12 1
1603 6 13 1
3650 3 8 1
4104 6 12 1
1849 3 11 1
1050 3 9 1
3225 5 13 1
2262 4 12 1
1828 2 10 1
4167 6 11 1
4079 5 12 1
1469 4 11 1
855 3 10 1
3428 6 10 1
596 0 0 1
3564 8 8 1
739 4 10 1
2706 5 11 1
3157 0 1 1
3629 7 8 1
1814 1 0 1
3959 5 10 1
322 8 7 1
2258 4 9 1
2025 6 9 1
1763 6 8 1
3893 7 7 1
655 1 1 1
1482 3 7 1
2348 8 6 1
2786 4 8 1
1416 5 9 1
1674 0 4 1
2281 0 2 1
3281 2 0 1
1566 3 0 1
2315 6 7 1
2190 3 6 1
3320 5 8 1
1444 0 3 1
2266 1 2 1
4021 1 4 1
2410 4 7 1
1318 7 6 1
1747 2 1 1
2897 8 5 1
1951 7 5 1
1977 5 7 1
3607 4 6 1
4422 6 6 1
225 2 2 1
1636 3 5 1
4010 8 4 1
2714 1 3 1
435 2 4 1
4264 3 1 1
2715 3 4 1
3724 3 2 1
1422 2 3 1
1983 7 4 1
2074 6 5 1
3339 4 5 1
3186 5 6 1
3924 5 5 1
3183 3 3 1
1391 6 4 1
3222 4 4 1
3427 8 3 1
3438 5 4 1
3666 4 3 1
2993 4 2 1
951 7 3 1
2948 5 3 1
1223 8 2 1
2490 4 1 1
2870 5 2 1
2698 6 3 1
1578 7 2 1
1362 8 1 1
1423 4 0 1
2254 5 1 1
4331 6 2 1
2130 8 0 1
3593 7 1 1
3220 6 1 1
4204 5 0 1
1301 7 0 1
1107 6 0 1
145 7 1 5
1096 5 0 5
2191 4 0 6
3840 5 2 6
2749 6 3 6
2599 7 2 6
2020 6 2 6
278 4 4 7
4327 7 3 7
1045 8 3 7
48 8 2 7
1985 8 1 7
2250 8 0 7
292 7 0 7
1572 7 4 8
2496 6 5 8
3235 4 5 8
1734 3 1 8
1672 6 4 8
3934 3 4 8
2213 3 2 8
2495 8 4 9
1824 8 5 9
3353 8 6 9
4336 7 5 9
1295 5 9 9
2907 3 5 9
2335 4 7 9
2831 7 6 9
1611 3 0 9
4267 0 4 9
3228 2 0 9
1801 0 2 9
2122 0 3 9
829 1 2 9
4214 1 4 9
391 1 3 9
1289 2 4 9
1282 5 13 10
1954 5 12 10
2712 6 9 10
1366 6 10 10
1081 2 10 10
137 4 12 10
3524 4 11 10
3188 8 8 10
4149 7 8 10
3729 8 7 10
1113 0 0 10
1415 6 8 10
1104 3 7 10
2656 7 7 10
1456 6 7 10
980 0 1 10
1678 1 0 10
4126 3 6 10
3383 1 1 10
4063 4 6 10
1836 6 6 10
2928 2 1 10
183 2 2 10
2296 2 3 10
1424 3 3 10
1088 4 0 10
2585 4 15 11
3624 0 10 11
3998 4 14 11
3426 2 6 11
1777 6 13 11
3791 0 9 11
425 4 13 11
172 2 13 11
1336 0 11 11
2972 2 7 11
2517 1 10 11
2865 2 8 11
3491 2 12 11
2721 6 12 11
1283 6 11 11
3019 3 8 11
3552 5 11 11
3457 5 10 11
1666 5 0 11
4216 4 18 12
868 5 17 12
4448 0 13 12
2404 4 17 12
470 2 5 12
4383 0 6 12
762 3 17 12
1904 4 16 12
2754 0 14 12
3245 1 13 12
169 2 15 12
2403 0 7 12
18 0 12 12
2981 0 8 12
2753 1 12 12
627 1 11 12
515 2 11 12
2605 7 1 12
1506 5 14 13
133 5 15 13
3660 8 17 13
3649 5 16 13
313 7 17 13
558 6 19 13
4333 1 18 13
1403 2 19 13
3561 1 17 13
1996 0 15 13
953 0 5 13
2374 1 15 13
2328 1 5 13
3652 1 14 13
507 1 6 13
946 1 7 13
166 2 14 13
4112 1 8 13
731 1 9 13
3999 2 9 13
2617 3 9 13
4248 9 13 14
4028 10 15 14
3659 8 13 14
2844 7 13 14
1067 10 16 14
3266 9 15 14
1551 10 19 14
3970 10 17 14
1277 7 14 14
663 9 16 14
608 6 14 14
1727 7 15 14
1654 9 17 14
1176 9 19 14
2568 10 18 14
3317 8 19 14
564 9 18 14
1076 6 15 14
3303 8 18 14
4234 7 19 14
2790 7 18 14
2829 1 19 14
2172 0 19 14
869 0 18 14
2292 0 17 14
2108 0 16 14
707 1 16 14
439 14 14 15
3336 9 11 15
3259 13 14 15
4312 12 15 15
2828 10 11 15
1086 11 13 15
1556 14 15 16
3587 10 9 16
3669 9 10 16
103 13 15 16
3262 10 10 16
2565 7 12 16
1235 14 13 16
4169 13 16 16
2325 12 17 16
534 12 11 16
3834 11 10 16
652 13 13 16
2805 12 16 16
2145 11 11 16
2596 12 13 16
374 12 14 16
4195 15 16 17
2528 14 16 17
3611 7 10 17
383 12 19 17
3260 11 19 17
2114 14 12 17
2738 7 11 17
4302 13 12 17
3008 12 12 17
4152 11 12 17
2982 16 11 18
3081 15 11 18
4335 14 11 18
2177 13 11 18
902 14 10 18
2207 13 10 18
4226 12 10 18
1063 17 16 18
398 16 15 18
2732 16 16 18
4315 11 9 18
3116 14 19 18
2547 7 9 18
4451 13 17 18
3763 13 19 18
185 1 4 18
1713 1 2 18
2822 2 4 18
3573 16 10 19
3132 15 10 19
415 17 15 19
2244 19 16 19
1117 12 7 19
4068 14 7 19
1769 13 9 19
2433 12 9 19
789 15 17 19
3300 15 19 19
3106 14 17 19
2799 0 2 19
109 17 10 20
3016 19 15 20
1966 15 7 20
2119 15 8 20
3417 18 15 20
2503 18 16 20
3832 19 17 20
4259 18 17 20
904 17 17 20
2007 17 19 20
831 16 17 20
3917 16 19 20
2797 0 4 20
1585 0 3 20
4252 1 3 20
3360 19 10 21
2363 10 7 21
456 17 8 21
982 11 7 21
4392 12 5 21
630 14 5 21
592 15 6 21
3874 14 6 21
773 19 18 21
1963 3 5 21
1544 4 7 21
2796 3 6 21
1204 3 0 21
2252 4 6 21
1297 2 0 21
254 2 1 21
3779 2 2 21
1154 2 3 21
2453 19 11 22
3814 16 6 22
2678 17 7 22
1041 16 7 22
1467 16 8 22
3119 14 4 22
447 11 5 22
2154 19 19 22
736 18 19 22
1850 18 18 22
170 17 18 22
3153 16 18 22
3787 15 18 22
1396 14 18 22
2697 13 18 22
2543 12 18 22
3771 11 18 22
1737 11 17 22
3342 11 16 22
3987 11 15 22
4376 11 14 22
412 8 5 22
2851 8 6 22
2316 5 9 22
2537 7 5 22
4191 7 6 22
3828 6 6 22
3158 5 0 22
263 15 12 23
1778 17 14 23
4201 16 12 23
1626 18 12 23
1093 19 8 23
1229 19 9 23
1907 9 7 23
3490 10 7 23
1103 14 3 23
2846 3 8 23
586 3 4 23
612 19 12 24
4272 19 13 24
4322 15 13 24
2909 12 3 24
1793 9 6 24
3005 1 0 24
1343 4 5 24
3384 4 0 24
345 19 14 25
861 15 14 25
3588 18 14 25
1022 16 14 25
4269 18 13 25
983 19 7 25
617 18 7 25
3365 9 4 25
1048 10 4 25
4439 9 5 25
3869 12 2 25
3725 18 8 25
4218 10 5 25
795 10 6 25
3348 11 6 25
2918 12 6 25
4357 1 19 25
120 0 19 25
778 0 18 25
1771 0 17 25
4134 0 16 25
2587 1 16 25
2356 2 12 25
2242 6 12 25
3574 6 11 25
3161 5 11 25
1311 5 10 25
73 6 5 25
4402 9 3 26
3013 14 1 26
2303 10 3 26
1227 12 1 26
337 8 18 26
2277 1 8 26
934 3 7 26
2485 3 6 26
1744 4 6 26
3739 11 1 27
3969 14 0 27
3849 0 11 27
3102 1 11 27
4053 1 10 27
1016 1 9 27
671 0 0 27
626 6 8 27
844 0 1 27
4294 1 1 27
628 2 1 27
3493 7 4 27
356 3 1 27
650 6 4 27
3270 3 2 27
3105 3 3 27
1795 15 15 28
635 15 14 28
206 16 14 28
1110 16 13 28
218 17 13 28
1598 17 12 28
315 17 11 28
1180 16 2 28
1198 18 11 28
3993 18 10 28
2397 18 9 28
2236 17 9 28
3954 16 9 28
1700 15 9 28
3744 14 9 28
4176 14 8 28
2461 10 18 28
3198 7 15 28
919 6 15 28
532 1 15 28
1199 1 14 28
305 2 14 28
3045 8 7 28
417 8 0 28
2795 7 0 28
827 11 0 29
3053 15 0 29
3242 12 0 29
4340 13 0 29
1925 13 1 29
2129 6 14 29
940 7 14 29
1523 9 16 29
2964 2 13 29
3197 10 17 30
1071 9 17 30
3591 9 18 30
2371 0 5 30
2544 1 5 30
2120 1 6 30
2913 1 7 30
1412 2 7 30
659 1 2 30
3621 1 1 30
72 2 1 30
3052 3 1 30
2631 3 2 30
726 16 0 31
2648 9 2 31
3778 13 17 31
3314 8 14 31
938 10 19 31
430 9 19 31
1378 8 19 31
1520 7 19 31
1857 7 18 31
3267 2 15 31
3472 0 12 31
1623 4 13 31
3082 1 12 31
121 1 11 31
2549 2 11 31
3781 8 8 31
1350 7 8 31
1359 7 7 31
2358 6 7 31
455 6 6 31
3979 1 4 31
3374 2 4 31
3246 3 4 31
786 3 3 31
1138 19 2 32
2480 18 3 32
2251 18 2 32
3850 17 0 32
2354 9 1 32
2592 14 19 32
1442 13 19 32
3040 7 9 32
924 1 17 32
852 0 15 32
3363 0 14 32
4081 4 16 32
3953 1 14 32
2516 1 13 32
3151 2 13 32
342 4 11 32
839 7 3 32
621 8 3 32
1833 8 2 32
429 8 1 32
1248 7 1 32
1344 9 0 33
666 10 0 33
1781 10 1 33
3770 10 2 33
1754 11 2 33
4270 11 3 33
2314 11 4 33
2234 12 4 33
2285 11 9 33
3224 11 11 33
3637 12 16 33
3837 12 13 33
2090 12 14 33
2331 2 18 33
1976 2 17 33
1212 2 16 33
3178 0 9 33
3477 18 4 34
3897 18 0 34
1577 16 15 34
970 7 11 34
3039 2 5 34
2408 1 5 34
113 4 12 34
1409 17 5 35
2097 15 3 35
669 16 4 35
2115 17 4 35
3896 17 16 35
3172 16 16 35
1078 16 17 35
1670 13 13 35
3027 14 12 35
2853 13 12 35
670 12 12 35
1529 10 16 35
700 8 15 35
677 4 17 35
738 6 13 35
1451 6 12 35
2672 6 11 35
41 3 9 35
13 5 11 35
2521 4 11 35
530 5 0 35
99 19 1 36
1896 18 1 36
2770 2 6 36
158 1 6 36
1460 0 6 36
3345 0 7 36
992 0 8 36
1476 4 14 36
3663 7 5 36
3368 5 9 36
3677 1 3 36
792 15 4 37
2655 19 3 37
132 16 4 37
1472 16 3 37
3024 17 19 37
1392 16 19 37
397 14 17 37
1354 2 19 37
4257 0 13 37
3902 1 13 37
3063 2 13 37
2275 8 6 37
1817 0 2 37
437 0 3 37
591 7 6 37
4271 0 4 37
2949 6 6 37
816 2 0 37
1052 1 4 37
2906 3 0 37
1594 3 1 37
3113 2 2 37
2357 2 4 37
4275 3 2 37
2658 2 3 37
3356 17 17 38
295 11 10 38
597 12 17 38
3150 1 18 38
1638 2 18 38
1656 0 10 38
1137 0 9 38
2298 0 8 38
1821 1 8 38
2711 2 8 38
4071 2 12 38
2302 2 9 38
3703 2 10 38
3701 4 7 38
2295 6 5 38
2004 3 5 38
1522 3 4 38
1152 3 3 38
1294 15 17 39
2434 15 19 39
984 13 10 39
1034 12 10 39
3863 13 16 39
4110 12 16 39
50 11 13 39
224 5 17 39
1381 5 18 39
189 19 4 40
642 19 3 40
2286 18 3 40
2924 19 18 40
4211 11 19 40
2492 12 15 40
1386 10 11 40
3712 7 13 40
2609 7 14 40
2366 1 19 40
2728 0 19 40
691 0 18 40
3408 0 17 40
258 0 16 40
461 4 18 40
3543 1 16 40
1174 2 16 40
688 4 4 40
4356 8 0 40
4103 7 0 40
806 16 5 41
2939 16 4 41
3322 16 3 41
2405 18 15 41
1741 19 17 41
972 18 16 41
708 18 17 41
4125 12 19 41
1480 14 13 41
1864 14 12 41
4130 13 12 41
1590 12 12 41
4161 8 13 41
3538 8 14 41
175 5 16 41
998 6 15 41
4171 6 16 41
3835 1 15 41
1584 1 14 41
802 2 14 41
421 6 9 41
1677 6 10 41
460 5 10 41
198 8 7 41
3700 7 12 42
432 7 15 42
3939 8 5 42
2683 8 6 42
2078 7 6 42
2771 6 6 42
2510 19 19 43
3070 18 19 43
2650 12 9 43
3973 18 18 43
3599 17 18 43
2360 16 18 43
4325 15 18 43
2845 10 10 43
2916 14 18 43
537 9 10 43
2106 13 18 43
633 12 18 43
326 11 18 43
1622 13 15 43
3584 12 15 43
1955 8 17 43
1284 6 2 43
3469 18 5 44
1601 17 5 44
1802 16 5 44
743 16 4 44
766 16 3 44
4178 17 3 44
2077 10 5 44
3463 13 2 44
2274 11 5 44
1891 15 6 44
1268 14 6 44
1390 12 8 44
3508 11 8 44
1697 10 8 44
2304 9 8 44
438 15 11 44
3913 9 9 44
3436 8 9 44
2183 4 16 44
2046 3 8 44
1324 2 8 44
3285 2 9 44
2472 7 3 44
247 8 3 44
819 8 2 44
1241 4 0 44
3794 8 1 44
2491 10 7 45
4121 14 4 45
674 18 8 45
675 15 8 45
304 1 17 45
2080 1 16 45
581 0 15 45
2899 0 14 45
1575 2 16 45
131 1 14 45
3182 2 14 45
483 7 4 45
2882 6 4 45
2558 10 15 46
3812 10 18 46
3412 10 19 46
1206 9 19 46
3560 8 19 46
2290 7 19 46
4080 0 1 46
3671 0 2 46
2646 0 3 46
759 0 4 46
4279 4 5 46
3948 1 4 46
4177 2 4 46
424 3 4 46
2657 7 2 46
1341 7 1 46
2226 12 2 47
1156 9 7 47
2253 12 3 47
1349 14 5 47
853 15 7 47
1597 14 7 47
3595 5 15 47
2954 6 15 47
1920 7 15 47
1625 4 15 47
573 5 13 47
1062 5 12 47
4260 5 11 47
2527 5 10 47
2288 6 8 47
3071 0 0 47
4007 1 0 47
4077 2 0 47
1689 3 0 47
1352 9 5 48
1568 9 6 48
3494 10 6 48
2451 11 7 48
1648 11 6 48
2810 12 5 48
2855 12 6 48
4243 13 19 48
1477 7 9 48
108 7 10 48
2132 8 10 48
68 8 11 48
92 8 12 48
2497 9 12 48
4364 8 8 48
104 7 8 48
3352 7 7 48
1805 6 7 48
2353 6 6 48
2367 17 6 49
2971 17 5 49
2552 16 5 49
2776 16 4 49
331 16 3 49
4236 17 3 49
3517 17 2 49
4268 9 4 49
4197 10 4 49
1316 11 4 49
615 12 4 49
244 19 8 49
3578 19 9 49
1264 12 7 49
2914 9 13 49
1565 2 1 49
4040 3 1 49
3160 3 2 49
3708 3 3 49
2840 19 0 50
2306 19 1 50
2579 18 1 50
3140 17 1 50
877 16 1 50
3216 15 1 50
3762 12 1 50
1186 18 12 50
260 16 11 50
3073 14 19 50
2821 15 11 50
2475 15 16 50
2660 14 16 50
3856 13 16 50
2917 8 18 50
3789 8 19 50
1233 7 19 50
3513 3 7 50
1764 3 6 50
2484 15 13 51
2057 19 16 51
1592 13 14 51
2144 13 15 51
4078 12 15 51
306 4 13 51
582 1 12 51
4143 1 11 51
2699 2 11 51
4427 16 2 52
3465 19 7 52
517 18 7 52
1232 17 7 52
3474 16 7 52
2818 16 8 52
1852 13 9 52
3263 2 9 52
4436 6 3 52
2959 9 1 53
35 10 1 53
4124 10 2 53
2550 18 13 53
2512 11 2 53
3995 12 2 53
97 16 12 53
4237 17 8 53
1425 6 14 53
3905 6 15 53
3630 7 15 53
3920 2 5 53
3409 1 5 53
2500 2 7 53
3403 1 6 53
400 0 8 53
1655 4 12 53
3653 1 2 53
4330 1 1 53
300 2 1 53
1834 3 1 53
1309 3 2 53
2415 15 14 54
4258 16 14 54
3645 16 13 54
46 17 11 54
4098 0 5 54
327 0 6 54
418 0 7 54
352 1 7 54
2621 1 8 54
4265 8 7 54
2476 4 8 54
1395 7 7 54
2779 6 7 54
3577 7 5 54
3670 6 6 54
2806 7 4 54
989 6 4 54
805 1 3 54
203 17 0 55
3852 17 1 55
202 19 12 55
2642 9 18 55
1258 8 18 55
4285 8 19 55
3311 7 19 55
1040 6 19 55
3559 0 12 55
1712 0 11 55
3273 1 11 55
2952 3 9 55
4289 4 11 55
3407 3 5 55
2265 3 6 55
4397 4 6 55
2362 4 4 55
4144 6 1 55
2887 19 5 56
735 18 5 56
1142 17 5 56
1782 15 10 56
3226 7 11 56
3746 8 11 56
3192 12 16 56
3319 9 11 56
1711 9 12 56
2815 10 12 56
3301 10 13 56
1786 5 19 56
1853 5 17 56
2081 4 19 56
1792 2 12 56
1687 4 7 56
3910 6 5 56
200 2 2 56
2474 2 3 56
10 3 3 56
1929 15 5 57
3321 16 5 57
4394 16 4 57
1335 16 3 57
2387 17 3 57
1213 10 3 57
2582 19 14 57
2429 10 2 57
3558 18 14 57
77 17 14 57
4283 11 2 57
1157 17 13 57
2343 12 2 57
3732 16 15 57
3340 17 12 57
1988 12 3 57
3034 17 15 57
3241 18 12 57
465 18 11 57
3057 18 10 57
2947 18 9 57
1588 17 9 57
1363 0 19 57
2094 0 18 57
2968 2 19 57
2202 0 17 57
2076 3 19 57
1549 0 16 57
1724 1 16 57
381 2 16 57
286 1 15 57
895 0 13 57
2381 1 14 57
2392 1 13 57
3586 0 9 57
3290 2 13 57
2430 1 9 57
648 4 0 57
1991 19 15 58
986 18 15 58
2422 18 16 58
3935 18 17 58
3136 18 18 58
1339 17 18 58
1069 14 17 58
3069 12 10 58
1746 5 16 58
2747 6 16 58
1749 2 17 58
897 0 10 58
3003 1 10 58
3790 2 10 58
3501 18 0 59
4311 17 0 59
362 17 1 59
3617 17 2 59
520 16 2 59
2468 15 2 59
3379 17 19 59
3480 16 19 59
3967 16 18 59
2752 13 10 59
4029 14 14 59
1501 13 14 59
1504 13 15 59
1884 12 15 59
2032 9 17 59
4075 9 18 59
2458 8 18 59
3461 8 19 59
1408 7 19 59
1191 6 19 59
1450 1 19 59
3891 1 18 59
1006 2 18 59
2073 6 13 59
52 6 12 59
2817 6 11 59
600 6 10 59
4233 6 9 59
3173 7 3 59
2133 8 3 59
1364 8 2 59
3208 8 1 59
3109 8 0 59
3565 7 0 59
1092 13 1 60
609 12 17 60
3514 9 15 60
2502 7 13 60
580 3 18 60
1994 3 17 60
312 2 8 60
1275 3 8 60
3231 3 9 60
4380 13 0 61
2804 2 15 61
3926 11 1 62
4391 11 2 62
2424 12 2 62
3233 12 3 62
3758 19 10 62
2879 18 10 62
2400 18 9 62
4116 17 9 62
3439 16 9 62
1649 10 9 62
2986 15 9 62
208 15 19 62
1690 10 11 62
3847 8 13 62
3444 0 0 62
2103 1 0 62
1881 2 0 62
1776 3 0 62
1938 3 1 62
1491 3 2 62
1970 6 2 62
2504 5 0 62
2979 18 3 63
414 17 3 63
2566 17 2 63
51 16 2 63
769 19 18 63
1369 10 8 63
4006 18 18 63
369 9 8 63
2581 17 18 63
817 9 9 63
1753 16 18 63
2737 8 9 63
2548 15 18 63
2667 11 19 63
3907 5 14 63
177 10 16 63
161 6 14 63
3354 8 15 63
1675 9 16 63
3890 8 16 63
2531 4 9 63
2671 3 7 63
1708 4 7 63
881 7 2 63
4222 7 1 63
1224 12 0 64
3721 13 0 64
1587 14 0 64
3651 14 1 64
950 8 11 64
3590 11 10 64
2575 12 12 64
364 8 17 64
187 6 3 64
2072 15 11 65
3247 10 10 65
3858 7 18 65
543 4 5 65
3855 17 17 66
319 14 19 66
296 16 17 66
2876 14 18 66
584 16 16 66
547 15 16 66
2136 14 16 66
2181 13 17 66
378 13 16 66
2067 13 13 66
3325 13 15 66
380 13 14 66
701 12 15 66
3434 12 14 66
1532 4 14 66
4090 8 8 66
3112 7 8 66
1487 6 8 66
125 1 3 66
3562 19 3 67
1803 18 4 67
751 18 3 67
3430 17 3 67
4018 9 2 67
2219 17 2 67
1090 10 2 67
4398 16 2 67
1790 11 2 67
4241 19 11 67
1758 19 10 67
978 11 9 67
1121 11 8 67
3925 16 11 67
3978 12 8 67
3076 16 10 67
2264 7 9 67
1752 7 10 67
4273 13 19 67
2217 8 10 67
4067 13 18 67
874 9 10 67
864 9 11 67
3289 12 18 67
2571 8 12 67
2762 9 12 67
2716 11 18 67
1731 11 17 67
1534 10 12 67
2649 11 16 67
3166 5 13 67
4284 5 12 67
215 5 11 67
216 4 8 67
4048 7 5 67
4307 11 3 68
843 12 5 68
3898 15 6 68
2792 14 6 68
58 17 10 68
1072 14 8 68
2379 0 15 68
3745 0 14 68
1434 4 15 68
3423 1 14 68
2221 2 14 68
89 8 7 68
307 7 7 68
1257 6 7 68
1979 8 4 68
3022 6 6 68
1946 7 4 68
2079 6 4 68
2006 4 0 68
1239 12 1 69
1431 15 12 69
3500 12 2 69
4360 16 12 69
2384 12 3 69
809 17 12 69
3315 18 12 69
4396 11 5 69
2212 11 6 69
2096 12 6 69
2377 12 7 69
2450 12 9 69
915 13 12 69
2099 9 13 69
878 17 11 70
755 0 5 70
1876 0 6 70
4026 0 7 70
4300 0 13 70
3142 0 9 70
2748 2 8 70
4250 0 2 70
3446 0 3 70
3159 0 4 70
4014 1 4 70
3545 2 4 70
765 3 4 70
1860 16 1 71
1061 19 8 71
3060 19 9 71
3860 16 7 71
2695 16 8 71
999 17 16 71
490 16 16 71
2012 14 12 71
349 14 13 71
1545 14 15 71
1131 13 13 71
2922 12 13 71
3397 0 8 71
3868 4 12 71
4230 6 9 71
2386 1 2 71
1832 7 3 71
3310 8 3 71
3030 8 2 71
3944 8 1 71
656 8 0 71
3179 7 0 71
1739 18 6 72
3846 15 4 72
3503 18 5 72
3949 16 4 72
901 18 1 72
2960 16 3 72
4299 17 1 72
2084 15 0 72
1507 15 1 72
3938 14 3 72
4417 15 17 72
4153 12 19 72
3206 15 16 72
3656 12 18 72
4193 14 16 72
2427 13 16 72
803 11 18 72
3707 13 15 72
1942 11 17 72
3375 11 16 72
3688 12 15 72
3103 11 15 72
2368 5 15 72
1298 5 14 72
4266 6 14 72
2488 1 17 72
2848 2 6 72
3682 19 4 73
3903 18 4 73
1065 18 3 73
510 17 3 73
2563 18 2 73
875 17 2 73
1978 16 2 73
2089 15 2 73
3528 14 2 73
910 11 4 73
3309 9 6 73
231 10 6 73
4385 11 6 73
1558 11 7 73
505 12 7 73
4219 2 7 73
1000 6 13 73
4036 6 12 73
734 6 11 73
497 6 10 73
800 0 1 73
4455 1 1 73
4368 2 1 73
1083 3 1 73
717 3 2 73
1111 1 19 74
2276 1 18 74
4062 2 18 74
96 3 18 74
3520 1 15 74
2376 1 14 74
3282 1 13 74
3819 2 13 74
1135 2 10 74
4314 2 2 74
3526 9 0 75
1738 14 7 75
3364 4 4 75
921 5 0 75
477 11 0 76
1455 10 0 76
1004 15 15 76
2974 10 1 76
3755 15 14 76
539 16 14 76
702 10 2 76
1800 17 14 76
2538 11 2 76
3556 12 2 76
2193 10 4 76
4444 18 8 76
256 10 13 76
2535 6 18 76
2847 5 18 76
4253 2 11 76
246 4 8 76
1225 8 6 76
957 7 6 76
3032 16 13 77
906 17 13 77
1125 17 12 77
2245 10 5 77
2973 10 6 77
1958 17 11 77
1035 18 11 77
3597 18 10 77
1650 18 9 77
2871 8 18 77
3111 1 12 77
1990 2 12 77
2494 5 12 77
566 5 11 77
1075 3 5 77
2223 3 6 77
3658 4 6 77
4351 6 3 77
2435 4 2 77
1562 4 1 77
2896 7 2 77
3759 7 1 77
1220 15 7 78
163 15 8 78
1554 7 12 78
2185 8 12 78
2199 10 18 78
2307 10 19 78
3268 8 17 78
4303 2 5 78
3230 1 5 78
194 1 6 78
647 1 7 78
698 1 8 78
3683 5 10 78
1418 3 7 78
850 8 5 78
3326 4 7 78
230 1 3 78
4292 7 5 78
2413 6 5 78
328 2 3 78
4099 19 0 79
995 19 1 79
4186 19 2 79
1719 18 2 79
4058 17 2 79
2842 16 2 79
2999 15 2 79
3899 18 7 79
4175 17 7 79
1812 18 19 79
2839 16 7 79
205 18 18 79
4156 16 8 79
3871 17 18 79
1721 17 17 79
2733 9 10 79
2962 12 12 79
1038 12 15 79
3525 9 16 79
239 8 16 79
1438 5 13 79
3676 4 13 79
733 4 11 79
2465 6 2 79
3539 9 4 80
1604 10 4 80
4309 11 4 80
3602 12 4 80
3316 8 10 80
1382 11 10 80
4199 7 14 80
1987 6 15 80
676 2 17 80
486 0 10 80
4350 1 10 80
3753 1 9 80
2448 2 9 80
1927 8 8 80
2102 7 8 80
2028 1 0 80
487 6 8 80
2029 6 7 80
1941 6 6 80
4011 14 1 81
3154 9 5 81
665 10 5 81
441 10 6 81
136 11 6 81
3569 11 7 81
3657 12 7 81
1106 17 15 81
1201 13 19 81
3012 13 18 81
3443 12 18 81
1377 11 18 81
2751 11 17 81
1360 0 19 81
1492 2 19 81
335 7 17 81
1964 0 18 81
1975 3 19 81
3088 0 17 81
2766 0 16 81
1819 1 16 81
2014 2 16 81
622 4 14 81
1531 3 8 81
2705 3 9 81
67 17 4 82
1015 17 3 82
4225 17 2 82
3541 16 2 82
590 15 2 82
3900 14 5 82
2859 12 8 82
3274 19 16 82
2850 18 16 82
771 7 9 82
4210 7 10 82
2542 16 15 82
302 7 11 82
4449 8 11 82
2317 9 11 82
2572 9 12 82
280 10 12 82
4019 12 14 82
2334 9 17 82
884 9 18 82
2319 9 19 82
2460 8 19 82
1940 7 19 82
3932 6 19 82
1007 5 19 82
3215 4 19 82
3092 4 18 82
1760 4 0 82
540 4 1 82
4297 16 11 83
4410 16 10 83
3441 14 14 83
2564 14 15 83
3495 5 16 83
857 0 0 83
1595 1 0 83
3470 2 0 83
2388 3 0 83
2439 3 1 83
129 3 2 83
1742 19 14 84
3031 18 14 84
3741 17 14 84
1190 14 4 84
3718 19 19 84
2773 18 19 84
611 18 18 84
179 14 10 84
1652 14 11 84
1060 8 13 84
2710 10 16 84
3018 9 16 84
988 8 16 84
4352 8 4 84
1462 7 4 84
4348 7 3 84
3843 6 4 84
3870 8 3 84
347 8 2 84
3582 8 1 84
1014 8 0 84
3845 7 0 84
126 12 0 85
3254 13 0 85
3704 14 0 85
2150 16 19 85
2930 13 14 85
1306 13 15 85
3377 11 19 85
4370 11 18 85
2255 11 17 85
2958 6 9 85
2765 8 7 85
3293 7 7 85
2530 8 6 85
2628 7 6 85
2919 1 2 85
1893 1 3 85
3203 6 6 85
1671 15 13 86
1337 16 13 86
1867 17 13 86
4437 17 12 86
128 19 7 86
3145 9 7 86
1826 17 11 86
2016 9 6 86
1634 18 11 86
3750 18 7 86
3367 17 7 86
968 18 10 86
3936 10 6 86
2336 11 6 86
4111 17 8 86
233 11 7 86
3760 12 7 86
2498 15 10 86
2058 14 17 86
2661 13 17 86
724 12 10 86
2259 5 18 86
2689 4 16 86
577 4 15 86
1619 4 8 86
469 3 4 86
1400 4 5 86
3576 12 2 87
865 18 8 87
3803 10 15 87
2644 10 13 87
3425 4 12 87
1376 16 5 88
1291 17 5 88
888 17 4 88
3675 10 2 88
4454 15 19 88
3050 11 9 88
3504 11 8 88
1068 12 8 88
1518 7 13 88
2127 8 13 88
1143 0 15 88
2722 0 14 88
1310 2 15 88
3460 0 12 88
1457 0 8 88
1804 0 11 88
1347 1 11 88
2227 2 11 88
2635 0 1 88
1398 1 1 88
2249 2 1 88
2869 2 2 88
2063 15 3 89
3087 16 3 89
3960 16 0 89
1402 15 0 89
1019 19 17 89
3061 18 17 89
3784 14 8 89
3098 10 10 89
4332 2 13 89
373 2 10 89
2676 9 2 90
3619 18 13 90
94 19 10 90
1252 9 8 90
3370 14 13 90
436 1 17 90
1761 1 16 90
541 2 6 90
3618 2 16 90
2884 6 11 90
2653 0 2 90
1276 6 10 90
3445 0 3 90
1394 6 9 90
4165 0 4 90
760 1 4 90
1901 2 4 90
3077 2 3 90
2457 3 3 90
3065 4 3 90
1058 11 2 91
1002 15 14 91
1250 16 14 91
2467 16 13 91
4290 17 13 91
3201 17 12 91
518 17 11 91
1785 14 18 91
2824 10 7 91
2987 17 10 91
3036 12 5 91
3775 15 18 91
3963 15 6 91
2118 16 18 91
2082 17 19 91
3702 11 7 91
4346 14 6 91
1513 12 7 91
4184 17 18 91
1169 17 17 91
4020 17 16 91
443 12 9 91
1552 16 16 91
1474 9 13 91
3966 5 14 91
3278 6 14 91
907 7 16 91
3332 1 15 91
1560 2 8 91
4138 17 0 92
3011 16 0 92
1931 15 0 92
2287 14 0 92
578 19 12 92
3915 14 1 92
695 19 11 92
9 18 11 92
2567 18 10 92
1218 10 8 92
781 10 9 92
3536 9 9 92
159 8 9 92
2214 7 9 92
3265 7 10 92
1059 7 11 92
2637 8 11 92
1586 14 12 92
3294 9 11 92
1639 10 11 92
523 13 12 92
559 13 13 92
1542 12 13 92
2339 10 17 92
201 2 18 92
410 3 8 92
2477 4 9 92
1669 3 7 92
849 8 5 92
2039 4 7 92
3497 7 5 92
4388 6 5 92
929 7 1 92
913 9 1 93
3100 10 1 93
2891 10 2 93
3346 10 3 93
1267 10 4 93
1807 12 6 93
672 15 17 93
3962 12 19 93
1328 11 19 93
3440 11 18 93
3411 11 17 93
4155 8 17 93
4446 9 17 93
2665 9 18 93
542 9 15 93
3459 5 15 93
3299 2 5 93
753 1 5 93
3937 1 6 93
4035 4 14 93
1270 4 11 93
1439 4 2 93
2299 7 2 93
639 6 2 93
210 19 6 94
3820 19 5 94
1498 17 6 94
4136 16 4 94
243 15 1 94
4024 13 2 94
3889 12 9 94
2734 1 18 94
2834 7 17 94
4170 0 13 94
3389 5 13 94
358 4 13 94
1203 0 9 94
1934 8 3 94
927 8 2 94
1432 8 1 94
359 8 0 94
3196 7 0 94
2615 19 13 95
