779575
2035
5334 0 6 1
3417 1 6 1
4954 0 7 1
4135 2 6 1
5243 1 7 1
1172 0 8 1
270 3 6 1
3925 2 7 1
4674 0 9 1
4603 1 8 1
2427 0 10 1
4527 4 6 1
5326 2 8 1
1321 1 9 1
645 3 7 1
1006 0 11 1
2376 2 9 1
1036 4 7 1
4801 3 8 1
4374 1 10 1
1057 0 19 1
3813 5 6 1
1427 1 19 1
88 1 11 1
412 5 7 1
363 0 18 1
4556 0 12 1
4854 2 10 1
1130 4 8 1
3837 3 9 1
1717 1 18 1
2518 2 19 1
4554 5 8 1
2448 4 9 1
673 2 11 1
3468 3 10 1
2149 1 12 1
2091 0 13 1
3289 0 17 1
1505 1 13 1
3611 2 18 1
3903 2 12 1
2943 4 10 1
4613 0 14 1
583 0 16 1
5175 5 9 1
2129 3 19 1
93 3 11 1
1161 1 17 1
1227 5 10 1
212 4 11 1
5386 3 18 1
334 3 12 1
4096 4 19 1
1214 2 17 1
1883 2 13 1
273 1 14 1
588 6 9 1
1529 1 16 1
3888 0 15 1
2480 2 16 1
5236 3 13 1
5535 3 17 1
3702 5 19 1
2341 1 15 1
4733 4 12 1
1336 6 10 1
928 4 18 1
2151 5 11 1
2682 2 14 1
5278 6 11 1
4610 4 17 1
487 6 19 1
2587 5 18 1
2798 3 16 1
4764 3 14 1
2500 2 15 1
1872 4 13 1
1044 5 12 1
2297 3 15 1
1506 5 17 1
2832 4 16 1
3518 6 12 1
2043 7 11 1
2084 4 14 1
5187 5 13 1
547 6 18 1
98 19 19 1
4499 4 15 1
3859 6 17 1
567 7 12 1
819 18 19 1
5684 5 14 1
2373 5 16 1
5458 6 13 1
2331 19 18 1
3931 8 11 1
348 6 14 1
4258 17 19 1
3544 5 15 1
112 9 11 1
2192 8 12 1
3245 6 16 1
5220 7 19 1
5824 19 17 1
1030 18 18 1
4225 7 13 1
5577 13 0 1
1556 8 13 1
4235 7 18 1
262 19 16 1
3955 10 11 1
972 7 14 1
3633 19 0 1
2941 18 17 1
4261 9 12 1
3325 8 19 1
2628 17 18 1
762 16 19 1
5781 6 15 1
3015 14 0 1
5177 15 19 1
1453 8 14 1
5196 7 17 1
1146 7 15 1
4683 8 18 1
4612 16 18 1
2788 9 13 1
2128 13 1 1
3221 19 15 1
5007 10 12 1
4469 17 17 1
1002 18 0 1
1485 19 1 1
2182 18 16 1
3505 9 19 1
2430 10 19 1
4093 15 18 1
1647 8 15 1
1276 13 2 1
4713 8 17 1
2709 18 15 1
5799 19 2 1
2329 7 16 1
1597 10 13 1
4226 15 0 1
3506 16 17 1
4940 17 0 1
3267 14 19 1
18 14 1 1
2979 9 18 1
580 19 14 1
135 18 1 1
3664 17 16 1
1492 9 14 1
967 13 3 1
1858 10 18 1
4421 11 19 1
4417 10 14 1
1911 8 16 1
4169 14 2 1
2888 15 1 1
729 13 19 1
1576 11 13 1
5556 9 17 1
1091 9 15 1
323 14 18 1
2399 19 3 1
4390 18 14 1
5257 18 2 1
1544 17 1 1
1371 15 17 1
3858 16 0 1
3495 17 15 1
3176 16 16 1
3770 19 13 1
5022 17 14 1
1241 18 13 1
4933 14 3 1
5414 13 4 1
4712 11 18 1
2762 14 17 1
5131 9 16 1
5701 18 3 1
693 12 19 1
4926 13 18 1
600 19 4 1
2892 17 2 1
194 16 15 1
830 19 12 1
3365 11 14 1
4216 10 15 1
4951 16 1 1
1817 15 16 1
5137 15 2 1
1617 10 17 1
724 17 13 1
711 19 5 1
4253 13 5 1
5477 10 16 1
986 13 17 1
41 19 11 1
1662 12 18 1
1219 15 3 1
5032 15 15 1
3510 16 2 1
4219 11 15 1
114 16 14 1
5780 14 16 1
2047 11 17 1
4958 14 4 1
1383 17 3 1
2236 0 0 1
4762 18 4 1
5758 18 12 1
1631 11 16 1
3777 0 1 1
1127 12 17 1
4919 15 14 1
508 19 10 1
2924 19 6 1
2126 13 6 1
5240 13 16 1
1103 18 11 1
1412 18 5 1
543 17 12 1
4069 17 4 1
2073 14 5 1
4557 14 15 1
246 16 13 1
3973 16 3 1
5463 15 4 1
2233 1 0 1
909 16 12 1
4510 15 13 1
1859 17 5 1
1445 15 5 1
1477 17 11 1
2604 14 14 1
1235 14 6 1
5591 16 4 1
1510 18 6 1
4263 13 15 1
459 18 10 1
2257 12 16 1
4595 2 0 1
899 1 1 1
5364 19 7 1
3700 19 9 1
1469 0 2 1
2778 19 8 1
4281 1 2 1
4955 16 5 1
146 18 7 1
2336 18 9 1
2118 13 14 1
2051 14 13 1
2276 0 5 1
2669 17 10 1
4981 0 3 1
458 15 6 1
163 3 0 1
3596 15 12 1
3972 16 11 1
1094 17 6 1
4722 12 15 1
2676 2 1 1
3889 12 14 1
1277 2 2 1
743 16 6 1
2334 1 3 1
3929 18 8 1
2097 15 11 1
2589 14 12 1
5834 13 13 1
3974 0 4 1
2006 1 5 1
3498 17 9 1
3717 3 1 1
5199 4 0 1
2368 17 7 1
3834 16 10 1
4080 16 7 1
2322 7 10 1
1386 14 11 1
268 15 10 1
4684 17 8 1
1422 2 3 1
1497 12 13 1
1041 5 0 1
5020 1 4 1
261 13 12 1
2980 2 5 1
3977 3 2 1
723 16 9 1
2646 4 1 1
2050 5 1 1
844 12 12 1
4398 15 9 1
233 2 4 1
842 3 3 1
4333 3 5 1
1724 8 10 1
1209 4 2 1
4755 16 8 1
3706 6 8 1
1866 6 0 1
325 13 11 1
925 14 10 1
2308 7 9 1
3844 6 7 1
2315 7 0 1
2859 7 8 1
4427 9 10 1
3403 11 12 1
5767 8 9 1
5634 12 11 1
5686 6 1 1
66 3 4 1
5083 4 3 1
208 14 9 1
2068 13 10 1
2851 15 8 1
2740 5 2 1
4 4 5 1
5674 5 3 1
3627 4 4 1
2417 11 11 1
5143 5 5 1
5091 7 7 1
3453 7 1 1
957 6 2 1
3448 6 6 1
3550 14 8 1
1295 12 10 1
205 10 10 1
3247 13 9 1
4336 9 9 1
160 8 8 1
2666 15 7 1
5425 9 8 1
2380 11 10 1
5474 12 9 1
3359 7 6 1
3491 10 9 1
2664 13 8 1
821 14 7 1
1054 5 4 1
488 6 3 1
479 6 5 1
430 8 7 1
374 7 2 1
4567 9 7 1
5250 13 7 1
3883 7 5 1
1658 10 8 1
5012 12 8 1
4109 7 3 1
514 8 6 1
4698 11 9 1
4659 6 4 1
690 9 6 1
1585 7 4 1
1828 12 7 1
5404 10 7 1
4382 11 8 1
4876 8 5 1
2704 8 4 1
2413 9 5 1
2075 12 6 1
705 11 7 1
1361 10 6 1
979 11 6 1
2716 10 5 1
1994 12 5 1
1840 9 4 1
1365 8 3 1
4446 12 4 1
670 10 4 1
1004 11 5 1
1674 8 2 1
2575 9 3 1
2490 12 3 1
3128 8 1 1
953 11 4 1
4873 10 3 1
4422 9 2 1
4741 11 3 1
404 10 2 1
3347 12 2 1
2899 9 1 1
5289 8 0 1
575 11 2 1
3685 12 1 1
5488 10 1 1
221 9 0 1
2389 11 1 1
68 12 0 1
1185 10 0 1
4279 11 0 1
4885 11 1 5
3537 12 0 5
1829 11 4 6
4196 12 1 6
3378 11 3 6
5854 12 2 6
4305 9 2 6
1795 10 3 6
2117 11 2 6
1673 8 0 6
1900 10 2 6
3184 9 0 6
398 12 3 7
457 12 6 7
2411 12 4 7
523 11 7 7
3063 12 5 7
3098 11 6 7
4277 11 5 7
4163 10 6 7
3002 10 5 7
4086 10 4 7
990 9 5 7
1808 9 4 7
3199 9 3 7
3320 14 7 8
820 13 7 8
3501 13 8 8
4675 12 9 8
3826 12 7 8
3705 12 8 8
4818 11 8 8
231 10 7 8
1735 9 6 8
1646 5 4 8
4936 6 3 8
1178 6 5 8
4298 7 5 8
1792 6 4 8
2590 15 7 9
4282 15 8 9
3696 14 8 9
2395 14 9 9
87 13 9 9
1022 11 12 9
5450 13 10 9
3454 11 11 9
452 5 5 9
5732 3 4 9
5797 4 5 9
3894 4 4 9
4485 11 9 9
4962 4 3 9
2042 10 8 9
3101 5 3 9
5186 5 2 9
988 6 1 9
3758 9 8 9
1890 9 7 9
5643 6 2 9
3117 6 6 9
1268 7 7 9
1007 7 6 9
566 3 5 10
1810 2 5 10
4361 13 12 10
406 9 10 10
232 6 7 10
122 8 10 10
3579 6 8 10
5796 7 8 10
4950 17 6 11
326 18 8 11
3110 17 7 11
3604 17 8 11
2013 17 9 11
4201 0 4 11
227 15 9 11
3281 16 11 11
3432 15 11 11
5268 1 3 11
1559 13 13 11
2169 2 2 11
4489 4 2 11
100 4 1 11
2829 5 1 11
136 7 10 11
2684 7 9 11
4055 18 6 12
4504 18 7 12
4745 15 5 12
2213 16 4 12
5345 17 11 12
241 0 5 12
1634 15 13 12
5290 1 5 12
3606 13 15 12
2390 13 14 12
3568 0 3 12
571 1 4 12
2023 0 2 12
3697 2 4 12
105 2 3 12
3810 1 2 12
3409 3 3 12
5835 1 1 12
5426 3 2 12
344 2 1 12
5677 3 1 12
1299 15 4 13
4007 14 4 13
5340 18 4 13
285 18 5 13
3362 14 5 13
2066 19 10 13
2362 18 11 13
288 14 16 13
145 11 17 13
4018 13 16 13
410 14 15 13
4953 0 1 13
4809 0 0 13
3185 1 0 13
715 2 0 13
1897 3 0 13
5609 4 0 13
2407 5 0 13
5792 6 0 13
3137 7 0 13
4531 7 1 13
734 7 2 13
175 7 3 13
3327 7 4 13
4307 15 2 14
4120 17 2 14
687 19 4 14
1727 13 4 14
4835 19 5 14
2685 13 5 14
579 13 6 14
2608 19 6 14
1122 14 6 14
3025 19 7 14
3460 15 6 14
3609 19 8 14
2170 19 11 14
23 19 9 14
4317 12 19 14
4593 19 12 14
1836 14 17 14
1693 10 17 14
3642 18 9 14
2052 16 15 14
5381 10 15 14
5008 17 13 14
1066 13 17 14
5064 16 14 14
4522 18 10 14
1077 16 13 14
5687 17 10 14
4849 14 2 15
3214 16 0 15
271 19 3 15
3598 18 2 15
3520 18 3 15
3814 17 15 15
5287 17 14 15
2487 19 13 15
3143 15 17 15
1097 14 18 15
235 11 19 15
2926 8 16 15
2634 9 15 15
3373 9 17 15
521 11 13 15
492 9 16 15
965 10 16 15
4515 14 1 16
1136 17 0 16
5807 16 17 16
5234 19 14 16
4147 9 14 16
770 19 2 17
389 13 1 17
1433 19 1 17
5310 13 2 17
2863 13 3 17
1240 8 14 17
4558 8 15 17
2712 14 3 17
279 15 3 17
5793 16 18 17
369 15 18 17
5632 19 15 17
81 17 17 17
3400 9 13 17
4783 9 19 17
4144 10 19 17
4760 18 15 17
5675 18 14 17
405 18 13 17
2586 18 12 17
3161 17 12 17
3668 16 12 17
4609 15 12 17
4404 9 5 17
870 9 3 17
601 13 0 18
4234 19 0 18
2900 14 0 18
4604 18 0 18
541 15 0 18
5756 8 13 18
531 18 1 18
2738 15 1 18
2180 17 1 18
2145 7 13 18
2703 16 1 18
476 7 14 18
259 16 2 18
2449 17 18 18
5000 16 3 18
3283 18 18 18
1588 17 3 18
903 7 19 18
2681 8 19 18
1812 8 17 18
5025 10 11 18
2932 17 4 18
2008 19 16 18
1073 17 5 18
865 16 5 18
554 16 6 18
319 16 7 18
5730 16 8 18
5412 16 9 18
4224 16 10 18
43 15 10 18
5383 14 10 18
1260 19 18 19
4840 8 11 19
3058 19 17 19
3486 9 11 19
5353 18 17 19
5813 18 16 19
3345 17 16 19
3435 16 16 19
4217 15 16 19
4891 15 15 19
2063 15 14 19
974 14 14 19
1244 14 13 19
3686 14 12 19
1758 14 11 19
3326 13 11 19
415 5 14 20
15 5 16 20
5078 6 13 20
5104 6 14 20
1570 11 7 20
4039 12 6 20
3911 10 7 20
2981 10 6 20
292 4 16 21
1378 5 17 21
57 4 13 21
2327 5 13 21
332 19 19 21
4810 7 11 21
1539 18 19 21
5731 17 19 21
4388 16 19 21
2809 15 19 21
625 14 19 21
794 13 19 21
3064 13 18 21
3529 12 3 21
1676 12 4 21
2802 12 5 21
634 11 5 21
4887 10 5 21
3644 10 4 21
535 9 4 21
2916 9 0 21
340 3 16 22
3059 6 19 22
3237 7 7 22
5639 8 0 22
2228 8 1 22
603 10 3 22
1255 9 1 22
2101 5 19 23
373 4 12 23
5419 5 12 23
1320 6 6 23
2538 7 6 23
1053 12 1 23
4150 12 2 23
4682 3 17 24
59 0 15 24
1831 4 17 24
2309 1 15 24
3388 6 2 24
4963 11 4 24
5787 11 3 24
4262 11 2 24
1896 10 0 24
1283 12 0 24
5423 3 12 25
4642 4 19 25
2055 2 17 25
2282 3 13 25
534 6 9 25
2555 6 10 25
4985 5 3 25
5580 7 10 25
533 5 2 25
1931 6 0 25
2159 7 9 25
2755 9 8 25
3943 7 0 25
5475 9 7 25
3173 0 16 26
561 0 14 26
5604 3 19 26
4938 2 12 26
5547 2 13 26
2348 5 9 26
3375 4 10 26
4346 5 10 26
2978 18 10 26
4778 17 10 26
3108 16 10 26
2584 15 10 26
4428 14 10 26
3788 13 13 26
337 2 2 26
3933 3 3 26
3588 3 0 26
621 3 2 26
96 4 0 26
4139 5 0 26
914 6 8 26
1575 7 8 26
3546 0 13 27
2021 0 17 27
3370 1 17 27
5822 1 16 27
980 2 16 27
585 2 15 27
2573 3 15 27
1531 2 4 27
124 2 3 27
1545 0 2 27
3635 1 0 27
3543 2 0 27
4560 4 3 27
2834 4 2 27
199 11 9 27
657 10 8 27
130 6 5 27
3455 7 5 27
2565 2 19 28
5447 2 11 28
446 11 14 28
3812 17 13 28
4875 13 14 28
2237 15 11 28
3074 0 3 28
3684 0 0 28
1589 0 1 28
257 8 10 28
923 0 18 29
2385 0 12 29
4864 1 11 29
4782 1 12 29
3900 1 13 29
4834 1 14 29
732 2 10 29
5649 2 14 29
97 3 14 29
3963 4 14 29
11 4 15 29
265 5 15 29
2901 18 9 29
1434 10 17 29
2510 16 15 29
2104 14 17 29
2803 16 14 29
3624 13 17 29
2280 13 16 29
133 16 13 29
598 6 7 29
3742 6 8 29
4410 7 8 29
582 6 3 29
3097 9 6 29
3330 0 19 30
3967 5 6 30
4742 5 7 30
4496 1 19 30
3576 5 8 30
3246 1 18 30
4075 2 18 30
3884 3 18 30
2139 4 18 30
1406 5 18 30
3133 6 18 30
2018 6 17 30
834 6 16 30
2131 6 15 30
3456 7 15 30
5009 7 16 30
120 17 11 30
5747 15 13 30
2335 14 13 30
1632 0 5 30
3961 12 7 30
2069 12 8 30
354 11 8 30
1635 10 8 30
4441 4 9 31
5296 17 5 31
1251 15 9 31
4907 11 17 31
706 0 4 31
5840 13 12 31
4247 12 9 31
5260 10 9 31
5098 4 5 31
4304 9 5 31
3187 8 2 31
945 4 7 32
3366 4 8 32
4881 2 9 32
1482 17 3 32
2033 17 4 32
495 7 19 32
5465 7 18 32
4025 10 11 32
403 8 19 32
4124 19 16 32
1189 18 16 32
5440 17 16 32
2037 16 16 32
1133 19 11 32
4666 19 12 32
3488 15 16 32
4533 9 16 32
2388 11 15 32
2457 15 15 32
1191 2 5 32
1973 1 5 32
4326 1 4 32
2734 1 3 32
5582 1 2 32
3898 1 1 32
2256 2 1 32
3718 3 1 32
3248 4 1 32
3313 5 1 32
4824 6 1 32
2626 7 1 32
2898 7 2 32
892 7 3 32
2841 0 11 33
3016 1 9 33
2525 1 11 33
5253 3 7 33
1984 1 10 33
5855 2 10 33
3817 7 14 33
1296 7 15 33
1267 18 18 33
1374 7 16 33
5352 7 17 33
2781 11 13 33
893 9 17 33
1125 10 19 33
4184 17 9 33
2638 14 16 33
5281 14 15 33
447 13 15 33
324 3 4 33
4494 4 4 33
860 5 4 33
413 6 4 33
4306 7 4 33
4242 2 8 34
5018 17 17 34
2593 7 13 34
3659 17 18 34
3731 17 19 34
746 8 16 34
718 8 17 34
5670 16 19 34
2110 10 12 34
143 9 19 34
1303 8 18 34
5342 9 18 34
1605 10 18 34
1796 9 15 34
2333 18 11 34
659 11 18 34
2121 8 3 34
2300 9 0 34
1449 11 1 34
1924 4 6 35
3253 4 7 35
537 3 7 35
1938 19 6 35
3286 19 7 35
2940 19 15 35
2825 18 15 35
1110 18 14 35
837 11 19 35
2767 18 13 35
1785 18 12 35
1873 17 12 35
2624 1 8 36
4643 15 1 36
1252 15 3 36
515 16 18 36
16 15 18 36
1028 15 19 36
707 19 10 36
4309 17 8 36
5056 13 7 36
4870 13 8 36
1744 12 8 36
5852 12 9 36
5501 18 1 37
2592 17 1 37
5152 16 1 37
3649 16 2 37
5193 14 5 37
176 16 3 37
2957 16 4 37
4128 17 7 37
252 18 8 37
3006 2 7 38
1343 0 9 38
5516 0 10 38
2923 2 8 38
214 1 10 38
2635 3 8 38
1691 2 10 38
4618 3 9 38
4440 3 10 38
1806 3 11 38
3736 4 11 38
509 5 11 38
4408 6 11 38
3050 6 12 38
5662 14 18 38
1813 12 10 38
4190 5 5 38
1098 18 5 39
3430 15 5 39
5498 12 19 39
3164 12 3 39
3229 12 4 39
1069 12 5 39
4853 11 5 39
3893 13 4 40
642 13 5 40
1623 13 6 40
1138 14 6 40
3833 8 13 40
2009 15 6 40
4597 18 0 41
2504 15 0 41
1470 18 1 41
3473 17 1 41
5378 15 1 41
3471 14 3 41
4999 16 1 41
32 19 4 41
422 15 3 41
5810 7 11 41
5097 19 19 41
4091 18 19 41
3331 15 17 41
4362 17 19 41
1488 15 18 41
2319 16 19 41
577 11 12 41
3464 3 0 41
5608 4 0 41
1375 5 0 41
5691 10 7 41
1000 6 3 41
3151 9 6 41
2737 10 6 41
258 17 2 42
2758 15 2 42
1167 16 2 42
3112 17 14 42
3802 8 15 42
4529 9 15 42
4673 18 14 42
4267 18 13 42
138 18 12 42
4241 14 7 42
4272 17 12 42
1461 13 7 42
4197 14 9 42
2472 14 10 42
2627 13 13 42
1490 6 7 42
2414 6 8 42
5294 7 0 42
3172 7 8 42
5331 9 7 42
1243 3 6 43
1471 3 7 43
2186 3 8 43
4074 3 9 43
5360 14 17 43
470 12 18 43
2735 12 17 43
542 14 8 43
3049 13 8 43
4774 13 9 43
879 13 10 43
4608 7 10 43
2826 5 2 43
3766 7 9 43
2609 5 1 43
3321 6 0 43
3029 8 9 43
4816 6 1 43
676 7 1 43
719 7 2 43
2585 7 3 43
3850 0 8 44
5573 0 9 44
5316 0 10 44
3441 1 10 44
4133 2 10 44
1401 3 10 44
249 3 11 44
5460 4 11 44
3393 5 11 44
5015 17 6 44
4857 15 8 44
1357 9 14 44
2114 17 15 44
4260 15 10 44
4979 15 14 44
1547 10 17 44
5569 16 15 44
49 14 14 44
5689 16 14 44
5395 14 15 44
2426 16 13 44
4685 13 15 44
3316 12 1 44
1216 11 8 44
2647 12 2 44
5722 10 8 44
3687 12 3 44
5645 12 4 44
912 7 5 44
2265 9 1 44
4759 14 0 45
3089 15 0 45
5230 15 1 45
5833 6 14 45
5223 15 2 45
2656 7 14 45
1148 18 17 45
3276 16 2 45
4856 17 17 45
3092 16 3 45
3100 17 18 45
187 17 19 45
4781 16 4 45
5062 16 19 45
709 16 5 45
2468 15 19 45
2588 16 6 45
1953 16 7 45
180 16 8 45
4973 16 9 45
1026 0 5 45
3617 11 7 45
5060 12 7 45
1487 12 6 45
1978 5 3 45
1067 12 5 45
2695 11 5 45
360 10 5 45
5239 10 4 45
1782 6 9 46
520 5 12 46
3503 19 14 46
4711 18 14 46
5638 18 13 46
4621 18 12 46
2643 17 12 46
3259 15 13 46
2874 14 13 46
3198 7 6 46
4817 1 7 47
3771 4 15 47
1723 5 9 47
2439 4 14 47
3693 11 9 47
5683 2 1 47
1311 4 1 47
779 8 10 47
5719 4 2 47
1733 3 1 47
5851 2 12 48
195 4 16 48
811 2 13 48
125 18 2 48
861 18 3 48
2791 18 4 48
3062 8 14 48
3839 19 4 48
22 7 14 48
511 7 13 48
831 2 5 48
65 1 5 48
5235 0 0 48
4519 0 1 48
632 1 4 48
5075 3 4 48
5033 6 6 48
1855 6 5 48
2763 11 2 48
4483 12 0 48
710 2 17 49
3573 2 6 49
171 2 7 49
2081 3 7 49
219 3 8 49
5308 3 9 49
46 3 10 49
2736 4 10 49
5847 5 10 49
2459 6 10 49
3847 16 17 49
275 6 11 49
4607 17 17 49
3480 17 18 49
3083 17 19 49
3090 16 19 49
615 15 19 49
4296 14 19 49
490 9 16 49
2420 10 16 49
148 2 0 49
1370 1 0 49
1012 1 1 49
2938 3 5 49
1842 4 5 49
5379 7 7 49
2757 8 0 49
5742 9 5 49
5079 8 1 49
1443 11 4 49
4813 8 2 49
3932 11 3 49
166 10 3 49
3487 3 19 50
2683 4 19 50
872 1 14 50
863 2 14 50
3648 3 14 50
1048 3 13 50
5858 15 16 50
169 15 15 50
832 14 15 50
877 16 12 50
3319 13 15 50
3421 15 12 50
772 14 12 50
5142 9 10 50
3638 1 18 51
142 2 18 51
4478 3 18 51
795 4 18 51
5455 6 16 51
215 6 15 51
4769 19 0 51
2982 14 4 51
513 13 3 51
3716 14 3 51
2893 9 11 51
2727 15 3 51
3755 16 3 51
3254 18 7 51
654 19 11 51
1275 19 12 51
1555 18 12 51
3840 13 14 51
2857 0 2 51
5159 1 2 51
4466 2 2 51
1124 3 2 51
3404 6 19 52
1259 6 18 52
4031 16 0 52
1318 17 0 52
781 18 0 52
2163 4 12 52
2247 4 13 52
525 18 1 52
2025 18 2 52
2545 18 3 52
1956 19 3 52
871 18 6 52
2067 10 19 52
2460 11 19 52
5626 12 19 52
2512 13 19 52
2474 13 18 52
1520 13 17 52
2461 18 10 52
1737 17 10 52
747 13 12 52
3265 0 4 52
1180 0 3 52
379 1 3 52
4213 2 3 52
4063 3 3 52
1695 4 3 52
4710 4 4 52
4431 6 2 52
4738 7 2 52
1742 5 4 52
5711 6 4 52
5585 7 3 52
1800 7 4 52
1592 4 17 53
4198 11 13 53
17 11 15 53
414 1 19 54
4148 1 18 54
886 2 18 54
4077 3 18 54
1669 4 18 54
3068 5 19 54
5208 5 18 54
889 5 17 54
1245 5 8 54
3228 5 16 54
3204 5 9 54
3175 5 10 54
2462 19 17 54
4551 7 16 54
4400 7 17 54
1527 15 9 54
1131 17 13 54
2353 17 12 54
3402 11 1 54
1998 0 15 55
5445 0 14 55
4024 1 15 55
1591 13 2 55
1686 14 2 55
4367 14 3 55
2842 8 11 55
1363 15 3 55
315 15 4 55
3915 19 16 55
1347 17 17 55
727 16 4 55
5794 9 4 55
229 9 0 55
2188 19 1 56
4106 18 1 56
1551 18 2 56
1776 18 3 56
2849 19 3 56
5845 19 4 56
1915 19 5 56
1773 8 19 56
610 19 6 56
1732 8 18 56
336 19 7 56
5036 19 8 56
367 11 14 56
1694 19 9 56
3125 18 9 56
4284 17 9 56
2621 18 11 56
3155 17 11 56
964 19 18 57
144 18 18 57
5532 18 17 57
226 18 16 57
2354 17 5 57
174 17 16 57
4171 16 5 57
4413 16 6 57
1878 10 18 57
5004 16 16 57
1035 11 18 57
5814 15 16 57
3647 11 17 57
3037 14 16 57
1747 13 16 57
2208 2 4 57
4757 2 3 57
4662 7 5 57
5178 9 2 57
1968 9 1 57
4060 2 11 58
1052 2 12 58
89 3 17 58
2156 3 18 58
3476 1 12 58
314 1 13 58
375 4 18 58
5410 5 18 58
3043 1 14 58
5857 5 17 58
2226 2 14 58
3355 5 16 58
5245 3 14 58
2454 10 11 58
1038 9 11 58
2294 9 6 58
2184 12 4 58
4532 0 7 59
5420 1 7 59
4338 1 16 59
4448 2 7 59
2830 3 7 59
1943 2 16 59
2821 3 8 59
3061 2 15 59
3805 3 9 59
3426 3 15 59
1029 4 9 59
5218 4 15 59
674 5 15 59
3756 5 9 59
296 5 14 59
5090 5 10 59
4094 6 10 59
3423 6 11 59
4831 7 15 59
4354 7 16 59
1661 11 8 59
2304 9 9 59
1748 10 7 59
810 6 3 59
1021 12 1 59
3266 12 2 59
3667 12 3 59
3547 11 3 59
4300 7 19 60
1186 7 18 60
5150 9 12 60
2711 7 17 60
2279 10 12 60
3863 9 19 60
624 8 17 60
3076 9 18 60
1534 15 6 60
3118 9 17 60
5114 9 16 60
4251 5 0 60
1912 4 0 60
3150 4 1 60
4068 11 6 60
1300 10 6 60
396 15 18 61
3122 15 19 61
5293 14 19 61
5207 13 19 61
1977 13 18 61
3690 13 17 61
1323 13 16 61
1407 11 12 61
4897 3 0 61
3806 3 1 61
3294 3 2 61
943 3 3 61
4222 8 9 61
455 4 3 61
2603 4 4 61
4879 9 7 61
1140 9 5 61
2984 1 11 62
5330 1 12 62
3849 1 13 62
2552 1 14 62
2613 2 14 62
5673 3 14 62
4344 3 13 62
4391 4 13 62
1088 5 1 62
2425 6 0 62
2655 6 1 62
1360 5 2 62
5803 5 3 62
3551 5 5 62
45 10 17 63
3376 15 14 63
384 14 14 63
4687 13 14 63
4236 12 9 63
3434 12 8 63
3769 11 8 63
3310 7 10 63
2858 7 9 63
5752 6 8 63
4105 7 8 63
3470 7 0 63
4968 7 1 63
2285 7 2 63
441 7 3 63
5544 11 2 63
5471 12 0 63
2963 14 1 64
2093 14 2 64
1147 14 3 64
5836 18 15 64
2305 17 15 64
338 17 5 64
3160 16 15 64
4016 16 14 64
2352 16 13 64
5633 17 8 64
4294 17 13 64
1384 17 12 64
960 17 11 64
1045 15 10 64
5718 6 7 64
5452 11 7 64
5227 6 6 64
1324 12 7 64
2936 6 5 64
4709 12 6 64
4825 12 5 64
2193 11 5 64
3466 10 5 64
4320 5 7 65
2404 5 8 65
3538 5 9 65
4743 3 11 65
3608 4 11 65
4920 5 10 65
2432 6 10 65
1257 17 3 65
433 17 4 65
2470 9 14 65
1788 17 6 65
782 13 10 65
5533 0 5 65
3820 0 17 66
2913 1 17 66
1416 1 16 66
4324 2 16 66
2485 3 16 66
2785 2 15 66
421 6 14 66
4851 16 2 66
2465 13 5 66
516 13 6 66
796 14 6 66
919 15 6 66
2861 0 0 66
1845 0 1 66
1518 0 2 66
1411 11 11 66
1211 0 3 66
1081 0 4 66
2632 11 4 66
4477 10 4 66
4661 15 7 67
2594 15 8 67
3983 7 6 67
4799 8 0 67
3784 8 1 67
1562 8 2 67
3516 18 8 68
3048 17 8 68
3908 13 8 68
351 13 9 68
3723 2 2 68
2840 1 5 68
5507 3 2 68
3653 3 3 68
5418 7 7 68
4929 0 16 69
5394 0 12 69
4775 0 13 69
3291 1 13 69
3553 1 14 69
2466 5 6 69
3271 2 14 69
814 3 14 69
880 3 13 69
4946 4 13 69
1508 15 13 69
993 14 13 69
4302 13 13 69
3227 9 10 69
5180 4 5 69
1092 0 10 70
5825 1 10 70
5173 19 19 70
5087 2 10 70
3511 2 11 70
4245 18 19 70
2098 18 18 70
1201 18 17 70
111 18 16 70
3774 7 11 70
161 8 16 70
301 9 15 70
774 17 7 70
5728 19 11 70
2377 19 12 70
1759 18 13 70
1364 9 16 70
1793 13 7 70
1309 18 12 70
3382 14 7 70
2771 13 16 70
4826 14 8 70
5821 14 9 70
3449 14 10 70
4451 13 12 70
2895 3 5 70
2127 6 2 70
152 7 2 70
2611 7 3 70
4679 4 7 71
532 5 7 71
254 5 8 71
730 5 9 71
2241 5 10 71
1628 13 1 71
2726 14 1 71
851 15 1 71
790 15 2 71
4865 13 4 71
2816 15 3 71
4475 13 5 71
168 19 15 71
304 13 6 71
1502 15 4 71
1582 14 6 71
4500 16 4 71
1394 15 6 71
4917 16 5 71
2302 16 6 71
5751 16 7 71
4868 16 8 71
5354 18 11 71
3804 2 0 71
1851 1 0 71
2312 1 1 71
3515 1 2 71
4048 1 3 71
3710 1 4 71
4690 2 4 71
3562 9 0 71
4546 0 19 72
4671 1 9 72
5454 2 9 72
1941 2 10 72
5681 2 11 72
5291 17 17 72
4319 11 14 72
5242 13 17 72
2640 17 10 72
506 14 12 72
3993 8 3 72
3752 3 12 73
1718 3 11 73
622 19 16 73
1901 18 16 73
555 17 16 73
2467 16 16 73
3279 15 16 73
4056 19 10 73
4067 18 10 73
399 11 6 73
1432 10 6 73
5262 10 5 73
83 12 3 73
5042 9 3 73
2355 4 6 74
975 4 12 74
1095 4 11 74
1550 19 14 74
4433 17 18 74
501 18 14 74
1538 18 6 74
2891 17 19 74
1861 16 19 74
3509 18 15 74
2299 18 7 74
1856 17 15 74
4409 8 18 74
1707 10 19 74
787 16 15 74
4257 11 19 74
5140 16 14 74
1486 12 19 74
3031 16 13 74
2102 17 13 74
2961 17 12 74
3139 17 11 74
641 15 12 74
4867 2 5 74
2095 2 4 74
478 2 19 75
801 1 19 75
3527 1 18 75
4119 1 17 75
5119 1 16 75
4735 2 16 75
1132 3 10 75
4957 4 10 75
2076 5 12 75
5823 7 12 75
2595 16 17 75
5389 15 17 75
3513 15 19 75
2649 14 19 75
2620 8 15 75
2441 8 17 75
5546 15 18 75
3303 13 19 75
3896 14 18 75
426 9 15 75
701 13 18 75
346 12 18 75
4511 5 0 75
5088 4 0 75
4766 4 1 75
5859 4 2 75
1018 3 2 75
3616 9 1 75
2513 1 6 76
4129 2 6 76
2310 2 7 76
4079 3 7 76
4838 4 7 76
3572 4 8 76
927 5 7 76
3418 5 8 76
643 5 9 76
1893 17 0 76
1184 5 10 76
3762 18 0 76
5349 5 11 76
4628 6 11 76
1942 18 1 76
4199 6 12 76
3364 7 14 76
1143 8 11 76
4720 8 12 76
3960 12 2 76
5147 12 3 76
907 11 3 76
4471 9 2 76
70 16 1 77
4736 19 5 77
5735 19 6 77
1331 8 19 77
2754 9 19 77
1908 19 7 77
569 10 12 77
3044 19 8 77
400 9 18 77
5723 9 17 77
2739 19 9 77
1346 18 9 77
2625 17 9 77
1356 11 15 77
2790 8 10 77
2946 9 10 77
2962 7 5 77
2876 12 1 77
5801 12 0 77
5561 19 2 78
1667 18 2 78
5785 8 14 78
2756 15 5 78
3789 13 15 78
390 11 2 78
4966 0 18 79
4239 1 18 79
216 1 17 79
714 2 17 79
1867 2 16 79
637 11 13 79
5640 17 14 79
3822 17 13 79
3336 2 1 79
3333 1 1 79
954 1 2 79
5753 1 3 79
2289 10 7 79
5613 2 3 79
5168 3 3 79
5697 3 4 79
377 4 4 79
4846 6 3 79
2090 6 18 80
2865 5 18 80
4341 5 17 80
2530 5 16 80
2447 16 0 80
1105 17 1 80
395 16 1 80
792 13 2 80
4052 15 1 80
4676 13 3 80
3416 10 8 80
4265 7 0 80
5375 7 1 80
5572 0 6 81
896 1 6 81
1958 2 6 81
1170 2 7 81
2431 0 14 81
1871 3 7 81
1141 4 7 81
3012 1 14 81
2150 2 14 81
37 5 7 81
906 1 15 81
3987 5 8 81
682 2 15 81
1869 2 13 81
1621 3 13 81
5157 3 15 81
5804 5 9 81
1713 3 12 81
5201 4 15 81
4821 4 12 81
3683 5 15 81
1071 5 12 81
5766 5 14 81
2927 5 13 81
386 14 15 81
2249 14 16 81
5233 11 17 81
2795 9 6 81
5654 12 4 81
1182 9 5 81
2082 12 3 81
1193 11 3 81
4141 10 0 81
1864 19 4 82
5652 18 4 82
3536 14 4 82
3835 13 4 82
5527 13 5 82
1288 13 6 82
1248 7 15 82
1107 19 13 82
4276 19 14 82
4151 18 14 82
3201 10 18 82
1611 17 14 82
3916 11 18 82
2582 15 9 82
3490 17 13 82
2342 17 12 82
3965 16 12 82
3395 6 8 82
3626 4 3 82
5666 5 3 82
4173 9 7 82
1678 5 5 82
3206 19 17 83
5694 19 16 83
4601 15 0 83
1877 18 16 83
894 15 1 83
1010 15 2 83
4365 17 2 83
5761 17 16 83
1430 15 3 83
1033 16 16 83
4744 7 18 83
1807 16 17 83
592 15 17 83
5282 7 17 83
1075 14 17 83
342 7 16 83
5435 14 18 83
5214 8 16 83
4316 9 16 83
4971 13 18 83
5411 12 18 83
3010 12 17 83
4737 13 16 83
5551 14 8 83
1653 14 9 83
4625 13 12 83
2366 10 10 83
5238 7 10 83
1315 7 9 83
243 3 5 83
5594 7 8 83
2074 6 19 84
3222 4 18 84
602 6 18 84
1220 4 14 84
4203 10 11 84
2045 9 11 84
1948 14 5 84
1319 9 12 84
5597 14 6 84
1537 15 6 84
4182 5 2 84
620 4 17 85
917 19 0 85
3123 19 1 85
95 19 2 85
3293 19 3 85
1769 18 3 85
2689 17 3 85
29 16 3 85
5438 16 4 85
702 16 5 85
4214 15 13 85
4364 14 13 85
3472 13 13 85
2498 11 8 85
5853 4 5 85
3845 9 8 85
1791 0 11 86
4178 0 10 86
40 0 9 86
5258 1 9 86
3548 2 9 86
4202 2 10 86
2610 5 19 86
4872 3 10 86
333 4 10 86
3042 4 13 86
3565 0 5 86
179 1 0 86
2172 1 5 86
3866 6 0 86
5479 9 0 86
3681 11 1 86
5802 3 6 87
4699 3 7 87
5070 4 7 87
5365 3 18 87
3634 4 18 87
3032 5 18 87
3427 2 0 87
496 3 1 87
5344 2 1 87
5570 12 8 87
3390 1 1 87
5838 0 4 87
5505 1 2 87
1149 1 4 87
3610 11 10 87
5560 5 6 88
5659 5 7 88
3779 5 8 88
207 7 19 88
3080 7 18 88
4439 7 17 88
2607 17 6 88
1451 7 16 88
5205 8 16 88
428 9 16 88
1279 18 11 88
4487 13 14 88
1388 13 11 88
5618 0 8 89
5707 0 9 89
1639 1 9 89
242 2 8 89
2883 2 9 89
2483 6 9 89
3818 15 4 89
1421 16 4 89
2884 19 15 89
1571 19 14 89
2677 9 14 89
4273 18 14 89
494 17 14 89
5415 13 7 89
2012 14 7 89
5593 14 8 89
1730 14 9 89
5231 11 11 89
4622 2 5 89
5118 5 1 89
1590 3 3 89
1348 6 1 89
312 6 2 89
1852 7 2 89
5390 7 3 89
4233 9 3 89
2514 3 17 90
1156 3 18 90
517 3 8 90
4768 1 13 90
4763 3 9 90
1134 4 9 90
3630 5 9 90
1137 5 10 90
1965 5 11 90
5642 16 18 90
5587 15 15 90
3272 18 13 90
2205 15 12 90
3094 0 2 90
4458 6 6 90
3800 6 5 90
34 10 6 90
1501 11 4 90
3523 12 1 90
2489 12 0 90
1246 0 13 91
978 0 12 91
1651 1 11 91
3218 1 12 91
5514 2 12 91
4352 2 13 91
3953 3 13 91
4790 3 14 91
3344 4 14 91
5565 17 7 91
444 14 14 91
807 19 11 91
5827 19 12 91
3968 14 15 91
4102 18 12 91
1649 9 10 91
3433 11 7 91
1435 12 7 91
1743 12 6 91
1533 7 5 91
557 12 5 91
558 8 2 91
2223 9 2 91
2115 4 19 92
192 6 17 92
2675 7 11 92
2178 10 19 92
2070 16 15 92
5470 11 19 92
5111 16 14 92
5192 9 15 92
4474 15 8 92
5763 16 13 92
1774 11 15 92
3730 5 0 92
2263 4 0 92
4798 4 1 92
3876 4 2 92
5754 3 2 92
2509 2 2 92
1548 8 10 92
2032 7 6 92
3323 11 6 92
2446 8 3 92
3168 11 5 92
4228 10 5 92
1205 8 0 92
4561 8 1 92
2882 9 1 92
3980 0 16 93
4871 2 18 93
2602 0 15 93
28 3 18 93
4956 4 18 93
4009 6 15 93
5508 19 18 93
1962 8 18 93
1616 15 18 93
855 8 17 93
2010 18 10 93
5105 14 12 93
3299 15 11 93
4583 14 11 93
4041 6 16 94
731 13 1 94
3530 18 5 94
4443 18 4 94
4984 18 3 94
1074 17 3 94
761 15 4 94
4815 8 15 94
1204 8 16 94
3947 19 10 94
1775 11 17 94
4564 16 11 94
2189 13 8 94
3560 13 9 94
4695 5 3 94
3862 5 5 94
2991 8 6 94
3669 8 5 94
3219 6 11 95
3422 6 12 95
4505 7 12 95
1050 15 19 95
5040 10 12 95
2989 14 19 95
1049 16 17 95
5384 15 17 95
1175 13 19 95
4726 14 17 95
2753 12 19 95
4256 13 17 95
4447 17 8 95
1070 1 19 96
1512 1 18 96
3170 1 16 96
4627 1 15 96
1780 2 15 96
5094 3 15 96
1898 4 15 96
667 13 0 96
1913 16 19 96
4691 17 19 96
4395 18 15 96
1194 17 15 96
5016 18 6 96
5161 16 15 96
2537 18 7 96
