754900
2108
3232 19 19 1
1920 19 18 1
2791 18 19 1
3715 19 7 1
145 18 18 1
2901 17 19 1
679 19 17 1
3740 16 19 1
1241 19 8 1
666 18 7 1
1926 19 16 1
2321 18 17 1
3935 17 18 1
107 17 17 1
23 18 16 1
3934 19 15 1
1357 17 7 1
3208 15 19 1
3787 16 18 1
215 18 8 1
1024 19 9 1
2074 17 16 1
2829 15 18 1
2568 18 9 1
2913 19 10 1
2174 16 7 1
2801 14 19 1
4011 17 8 1
477 18 15 1
2773 19 14 1
1302 16 17 1
1956 16 8 1
1029 18 10 1
451 18 14 1
2581 15 17 1
3314 17 15 1
3818 16 16 1
1356 13 19 1
1794 14 18 1
2148 17 9 1
1434 19 13 1
2167 19 11 1
2952 15 7 1
328 17 10 1
17 18 11 1
753 18 13 1
2150 17 14 1
1311 14 17 1
3122 15 8 1
1646 13 18 1
534 12 19 1
3171 15 16 1
3729 16 15 1
616 0 19 1
2636 16 9 1
1958 19 12 1
2708 15 9 1
1428 1 19 1
239 12 18 1
585 15 15 1
4114 17 13 1
1227 17 11 1
2025 16 14 1
92 18 12 1
1701 16 10 1
1636 13 17 1
2557 0 18 1
1928 14 16 1
724 11 19 1
444 13 16 1
844 15 14 1
153 17 12 1
3670 16 13 1
3616 15 10 1
2299 0 17 1
1741 16 11 1
1198 14 15 1
4091 12 17 1
2496 10 19 1
1135 1 18 1
2275 2 19 1
3581 11 18 1
980 9 19 1
3610 14 14 1
409 15 11 1
1783 11 17 1
3488 15 13 1
1923 13 15 1
2139 1 17 1
3943 10 18 1
3146 0 16 1
2397 12 16 1
650 2 18 1
2018 3 19 1
2902 16 12 1
1630 15 12 1
3762 13 14 1
3832 9 18 1
3846 14 13 1
2316 11 16 1
1250 0 15 1
2374 8 19 1
2387 2 17 1
1228 3 18 1
1781 12 15 1
1255 4 19 1
3989 10 17 1
1188 1 16 1
2787 9 17 1
31 7 19 1
1583 11 15 1
830 0 14 1
3888 13 13 1
3525 5 19 1
2134 1 15 1
2917 14 12 1
3622 10 16 1
3130 4 18 1
2976 3 17 1
2788 2 16 1
2129 8 18 1
865 12 14 1
765 12 13 1
217 10 15 1
3198 13 12 1
1383 0 13 1
882 6 19 1
2645 19 6 1
3355 11 14 1
3691 2 15 1
2382 3 16 1
942 7 18 1
2461 5 18 1
2389 9 16 1
896 4 17 1
1415 14 11 1
3304 1 14 1
1817 8 17 1
37 2 14 1
2990 14 10 1
1263 7 17 1
122 8 16 1
2999 0 12 1
4061 18 6 1
1143 10 14 1
3105 4 16 1
4120 3 15 1
2179 1 13 1
4175 12 12 1
2164 5 17 1
4119 9 15 1
1409 11 13 1
1360 19 5 1
515 13 11 1
433 6 18 1
3238 11 12 1
3445 13 10 1
1059 12 11 1
3712 2 13 1
2301 8 15 1
2227 9 14 1
1518 10 13 1
1650 14 9 1
1034 6 17 1
485 4 15 1
1634 1 12 1
3465 19 4 1
3708 17 6 1
2627 18 5 1
3792 5 16 1
1951 3 14 1
3546 7 16 1
2038 5 15 1
3224 6 16 1
554 3 13 1
1145 9 13 1
3746 12 10 1
3854 18 4 1
2985 13 9 1
105 4 14 1
611 10 12 1
1806 19 3 1
1989 17 5 1
3867 14 8 1
3984 2 12 1
2256 11 11 1
1735 8 14 1
1691 7 15 1
1330 16 6 1
683 11 10 1
1773 14 7 1
1005 4 13 1
1313 18 3 1
4101 17 4 1
3061 13 8 1
1480 6 15 1
3890 19 2 1
2290 5 14 1
1052 8 13 1
254 10 11 1
1456 15 6 1
1761 12 9 1
2345 9 12 1
2711 7 14 1
3743 3 12 1
1061 16 5 1
1768 19 1 1
3627 4 12 1
3460 12 8 1
514 18 2 1
1218 13 7 1
2921 11 9 1
801 16 4 1
2725 10 10 1
2081 14 6 1
3516 8 12 1
1739 5 13 1
3992 7 13 1
2153 9 11 1
4020 15 5 1
2541 17 3 1
1380 6 14 1
2072 10 9 1
1995 12 7 1
4122 14 5 1
3574 19 0 1
3245 8 11 1
988 7 12 1
3962 17 2 1
4031 6 13 1
408 11 8 1
3227 15 4 1
2280 9 10 1
853 5 12 1
3438 13 6 1
1326 16 3 1
2106 18 1 1
3159 15 3 1
4098 8 10 1
2903 14 4 1
2158 13 5 1
3463 16 2 1
936 12 6 1
2313 18 0 1
2854 11 7 1
1874 6 12 1
1743 7 11 1
2778 9 9 1
89 17 1 1
1343 10 8 1
1652 7 10 1
989 17 0 1
1137 16 1 1
41 6 11 1
2872 15 2 1
2317 8 9 1
1399 14 3 1
2603 9 8 1
3104 13 4 1
1970 12 5 1
4054 10 7 1
1295 11 6 1
2543 15 1 1
1454 14 2 1
1451 8 8 1
1684 11 5 1
3366 7 9 1
3913 9 7 1
889 10 6 1
2142 6 10 1
3965 5 11 1
3668 16 0 1
2501 13 3 1
665 12 4 1
1163 6 9 1
1268 15 0 1
1663 5 10 1
1777 4 11 1
2918 7 8 1
2235 12 3 1
1602 8 7 1
1504 0 11 1
2339 11 4 1
2327 14 1 1
3498 13 2 1
3723 10 5 1
2479 9 6 1
3313 5 9 1
1677 0 10 1
1310 13 1 1
3869 1 11 1
27 3 11 1
2136 4 10 1
308 10 4 1
113 12 2 1
3186 11 3 1
39 6 8 1
1205 14 0 1
1069 8 6 1
1336 7 7 1
1959 9 5 1
1083 4 9 1
3975 13 0 1
56 0 9 1
898 1 10 1
1249 2 11 1
2024 3 10 1
2016 8 5 1
459 9 4 1
1587 5 8 1
3755 10 3 1
1683 12 1 1
139 6 7 1
209 11 2 1
3125 7 6 1
970 8 4 1
2527 12 0 1
619 2 10 1
3629 11 1 1
584 3 9 1
1557 1 9 1
1851 4 8 1
3321 7 5 1
2753 0 8 1
2859 9 3 1
871 5 7 1
3880 6 6 1
1252 10 2 1
2123 7 4 1
1533 1 8 1
3812 0 7 1
2226 2 9 1
4062 3 8 1
1855 11 0 1
3459 10 1 1
4159 4 7 1
185 8 3 1
3020 9 2 1
1191 5 6 1
1325 6 5 1
3478 10 0 1
1174 9 1 1
1964 8 2 1
3123 0 6 1
461 7 3 1
2156 1 7 1
252 2 8 1
1447 6 4 1
779 3 7 1
2175 4 6 1
1032 5 5 1
2767 3 6 1
3655 0 5 1
1695 1 6 1
3391 2 7 1
1384 4 5 1
3361 5 4 1
3200 9 0 1
519 8 1 1
513 7 2 1
3941 6 3 1
2192 5 3 1
3883 0 4 1
2494 1 5 1
3641 8 0 1
268 2 6 1
191 7 1 1
3081 3 5 1
1859 6 2 1
1455 4 4 1
3699 4 3 1
3619 6 1 1
1990 1 4 1
821 2 5 1
3335 7 0 1
3978 5 2 1
1676 0 3 1
1577 3 4 1
1751 6 0 1
2073 3 3 1
2680 2 4 1
3644 5 1 1
3579 1 3 1
3098 4 2 1
506 0 2 1
3481 4 1 1
771 1 2 1
1176 0 1 1
2050 5 0 1
3771 2 3 1
1548 3 2 1
410 2 2 1
2035 1 1 1
3779 3 1 1
2938 0 0 1
439 4 0 1
2128 2 1 1
44 1 0 1
1600 3 0 1
315 2 0 1
55 0 0 5
3480 1 0 5
1619 2 3 6
3088 1 1 6
1787 3 1 6
1044 0 1 7
3040 0 2 7
4126 5 1 7
1618 4 1 7
3983 4 4 8
1000 7 0 8
1582 6 1 8
842 1 4 8
835 5 2 8
1242 6 0 8
2448 4 2 8
2482 5 0 8
3603 4 0 8
3429 3 0 8
3957 9 0 9
2372 8 0 9
1894 8 1 9
2468 7 1 9
3444 7 2 9
2813 1 5 9
1671 6 2 9
3156 2 6 9
472 2 5 9
1502 5 4 9
2692 0 4 9
2819 3 5 9
3595 2 4 9
2814 3 4 9
2161 0 3 9
2253 1 3 9
1160 1 2 9
1919 0 5 10
2893 0 6 10
631 0 7 10
1949 1 6 10
1210 1 7 10
3542 11 0 10
3161 3 8 10
1206 10 0 10
3652 3 6 10
3672 10 1 10
2225 9 1 10
2747 5 6 10
750 9 2 10
3029 8 2 10
3243 8 3 10
575 7 3 10
2243 0 8 11
2749 1 9 11
1282 12 0 11
3453 3 9 11
232 2 10 11
3873 1 8 11
3346 2 9 11
2672 2 8 11
3767 2 7 11
3230 5 8 11
431 3 7 11
2881 5 7 11
3897 8 5 11
2108 7 6 11
2203 7 5 11
2452 0 9 12
1117 0 10 12
3576 1 10 12
1481 14 0 12
1580 13 0 12
2045 13 1 12
3769 12 1 12
4068 5 9 12
1013 11 1 12
1974 12 2 12
309 11 2 12
3365 11 3 12
4076 8 6 12
811 10 2 12
592 10 5 12
3802 10 3 12
1810 9 6 12
2202 9 3 12
3193 7 7 12
1501 9 5 12
2166 16 0 13
1567 0 11 13
2149 15 0 13
3158 1 11 13
3535 15 1 13
3462 2 11 13
3823 15 2 13
3571 14 1 13
576 3 11 13
407 10 6 13
3233 14 2 13
1770 5 11 13
2078 3 10 13
3567 10 7 13
3523 5 10 13
4171 4 11 13
2929 13 2 13
1331 14 3 13
486 4 10 13
956 13 3 13
893 9 7 13
1609 4 9 13
1966 12 5 13
915 12 3 13
163 11 6 13
329 8 7 13
923 8 9 13
1706 7 9 13
2827 11 5 13
2624 6 10 13
1446 4 8 13
4156 6 9 13
2428 4 7 13
3972 4 6 13
1320 4 5 13
1752 5 5 13
827 18 0 14
3891 18 1 14
1234 17 0 14
256 6 13 14
1666 17 1 14
1789 16 1 14
2357 16 2 14
3044 16 3 14
317 15 3 14
1745 12 6 14
2851 11 7 14
282 13 6 14
2993 11 8 14
937 15 4 14
3162 13 5 14
3689 10 8 14
877 19 0 15
935 19 1 15
3590 19 2 15
3980 5 14 15
2626 5 13 15
2802 18 2 15
2817 17 2 15
899 13 7 15
331 8 13 15
2338 12 7 15
1559 6 11 15
1133 8 12 15
2497 10 11 15
3424 8 11 15
1482 15 6 15
2633 10 10 15
272 14 6 15
1433 0 4 15
1746 2 4 15
2171 0 3 15
634 1 3 15
3414 1 2 15
2346 4 14 16
806 4 13 16
2306 19 3 16
888 6 14 16
3231 8 14 16
3751 18 3 16
596 14 7 16
1570 14 8 16
2396 17 3 16
3733 18 4 16
3264 17 4 16
2734 13 8 16
3431 16 6 16
1581 11 11 16
962 12 8 16
3407 16 4 16
166 10 12 16
2046 12 10 16
2333 11 10 16
4166 8 0 16
2641 8 1 16
3254 7 1 16
764 7 2 16
3240 6 2 16
641 2 6 16
3008 6 3 16
1140 5 16 17
3067 2 13 17
2445 3 14 17
1837 3 13 17
2427 7 16 17
3953 7 14 17
3504 11 12 17
2379 19 4 17
1665 7 13 17
396 19 5 17
3887 11 13 17
1729 18 5 17
1617 10 13 17
1054 14 9 17
3825 4 2 17
3921 2 14 18
3035 1 14 18
2305 5 17 18
3643 1 13 18
696 6 16 18
1888 12 12 18
2962 14 11 18
2954 12 11 18
2611 14 10 18
1675 1 4 18
2657 1 5 18
176 5 2 18
1835 2 5 18
2947 3 5 18
3434 6 1 18
1912 3 4 18
467 4 17 19
1750 2 15 19
3987 5 18 19
67 3 15 19
3903 7 18 19
3018 19 6 19
4012 9 16 19
743 10 15 19
975 18 6 19
1274 17 6 19
1201 17 5 19
1713 16 5 19
3442 15 5 19
1071 14 5 19
2322 14 4 19
3900 13 4 19
1710 12 4 19
1649 11 4 19
2930 5 3 19
1632 7 0 19
1103 6 0 19
1615 0 2 19
471 5 1 19
3472 5 0 19
621 4 1 19
160 3 2 19
2265 0 1 19
1195 4 0 19
2090 3 1 19
1521 1 1 19
2212 3 0 19
3043 1 15 20
531 4 18 20
3938 1 16 20
850 4 19 20
3371 5 19 20
1936 7 19 20
346 3 17 20
3569 6 19 20
1614 6 18 20
2080 10 16 20
4144 10 17 20
4015 6 17 20
1734 9 17 20
482 7 17 20
3036 12 13 20
435 12 14 20
3739 0 0 20
4060 1 0 20
103 3 19 21
907 3 18 21
643 0 16 21
3078 0 15 21
3180 0 14 21
703 0 13 21
182 0 12 21
323 10 18 21
2162 8 19 21
2093 1 12 21
3272 12 16 21
3007 2 12 21
846 12 15 21
99 3 12 21
938 14 13 21
1820 4 12 21
3704 5 12 21
1861 6 12 21
332 7 12 21
2274 7 11 21
547 7 10 21
751 8 10 21
3336 6 9 21
984 4 8 21
1881 4 7 21
354 5 5 21
3448 1 17 22
1906 13 15 22
1913 15 13 22
124 9 8 22
3416 8 7 22
1348 7 9 22
546 0 17 23
1097 0 18 23
813 1 18 23
2510 10 19 23
3730 13 16 23
1763 9 19 23
133 14 16 23
1868 11 19 23
3671 9 18 23
3048 11 18 23
4014 14 15 23
2591 15 10 23
1371 16 13 23
3716 15 11 23
1224 8 18 23
2140 8 17 23
2490 8 16 23
1235 11 6 23
2366 12 5 23
649 11 5 23
1394 13 17 24
2276 16 14 24
3195 17 11 24
281 9 7 24
193 9 6 24
3493 6 8 24
1047 9 3 24
3540 9 5 24
1716 0 19 25
3585 1 19 25
4146 2 19 25
2686 2 18 25
2477 2 17 25
3656 2 16 25
1359 19 12 25
4135 16 15 25
129 15 16 25
2548 13 18 25
3181 3 16 25
1788 4 16 25
2836 4 15 25
414 5 15 25
1471 6 15 25
2218 7 15 25
3334 8 15 25
2640 9 15 25
6 10 8 25
2502 10 2 25
4160 10 5 25
1060 10 3 25
2584 7 6 25
3219 7 5 25
3808 15 7 26
691 15 8 26
2438 19 11 26
1709 15 9 26
168 18 11 26
1216 18 12 26
1084 15 4 26
2722 14 4 26
167 14 3 26
4073 9 2 26
977 8 2 26
1387 8 3 26
1643 5 7 26
335 2 6 26
1528 6 2 26
3253 2 5 26
474 6 3 26
1876 3 5 26
3742 19 13 27
1167 17 9 27
3086 16 16 27
686 13 19 27
3688 14 18 27
1091 18 13 27
3491 12 19 27
772 14 17 27
2688 13 17 27
80 12 18 27
3259 12 17 27
2946 11 17 27
1579 11 16 27
1280 11 15 27
3713 11 14 27
2855 10 14 27
1400 9 14 27
2600 9 13 27
1286 11 8 27
135 9 12 27
636 13 2 27
2687 8 0 27
1999 5 10 27
2223 4 11 27
1182 8 6 27
4136 8 5 27
1811 0 4 27
1526 0 3 27
1708 2 4 27
3057 1 3 27
112 1 2 27
2573 16 17 28
2349 18 10 28
1965 17 15 28
2953 15 17 28
3422 16 8 28
2101 17 10 28
1318 15 16 28
1190 12 10 28
608 11 10 28
674 10 10 28
4157 5 8 28
1869 5 6 28
2249 19 14 29
1245 11 7 29
3519 12 8 29
692 13 5 29
311 11 2 29
3981 11 3 29
1026 3 10 29
2764 5 5 29
3794 4 2 29
2352 18 15 30
685 17 8 30
1270 18 14 30
3858 17 14 30
3260 17 13 30
3977 11 11 30
1010 9 12 30
3487 10 0 30
3476 10 1 30
2820 9 1 30
2593 5 11 30
2654 8 1 30
2358 6 9 30
3806 7 7 30
840 7 1 30
3850 7 2 30
49 7 3 30
1484 3 6 30
3466 14 19 31
3577 14 18 31
2878 16 7 31
3774 14 17 31
2757 16 8 31
4130 16 9 31
3204 13 8 31
2803 10 6 31
729 16 6 31
3681 16 3 31
3683 10 7 31
3071 15 6 31
2876 14 1 31
1151 15 3 31
3654 14 6 31
1899 10 8 31
3433 13 6 31
2599 12 6 31
2991 12 5 31
1669 3 11 31
536 4 11 31
3307 1 8 31
3696 4 10 31
4105 0 1 31
3090 4 0 31
3501 1 1 31
2718 3 0 31
3639 19 10 32
971 17 3 32
3039 6 11 32
1527 10 13 32
9 10 12 32
3912 16 2 32
2113 7 11 32
3378 10 11 32
3142 12 0 32
867 2 8 32
1426 3 2 32
1950 19 9 33
699 16 18 33
2030 18 8 33
3657 15 19 33
3174 18 9 33
2556 15 18 33
1362 17 16 33
98 15 17 33
862 18 10 33
131 17 10 33
2492 15 16 33
2210 15 15 33
2721 15 14 33
465 14 14 33
3357 17 1 33
4187 12 7 33
583 16 1 33
3874 12 8 33
3255 11 0 33
450 9 11 33
2094 11 1 33
3202 12 1 33
1993 7 10 33
3492 9 10 33
614 12 2 33
2000 5 9 33
3570 3 8 33
2342 4 3 33
3477 5 0 33
3131 17 7 34
2185 16 7 34
412 16 8 34
3030 16 9 34
157 16 10 34
1796 16 11 34
2702 19 5 34
1214 18 5 34
2517 14 7 34
3512 14 8 34
3514 14 9 34
1149 11 5 34
580 0 2 34
437 0 1 34
1328 0 0 34
3741 1 0 34
1982 19 15 35
1120 18 15 35
2963 14 13 35
1042 13 14 35
2628 13 13 35
2567 15 0 35
2812 7 13 35
2077 14 5 35
976 13 3 35
875 1 7 35
147 2 7 35
210 3 7 35
909 5 3 35
3026 7 0 35
3925 6 0 35
3437 6 1 35
3848 8 18 36
1603 11 12 36
188 14 10 36
732 19 4 36
266 18 3 36
2661 18 4 36
363 17 4 36
615 16 4 36
3966 1 5 36
235 1 4 36
2998 5 2 36
568 5 1 36
1376 1 3 36
2849 4 1 36
3507 3 1 36
352 10 16 37
2036 10 17 37
1158 12 11 37
1021 9 14 37
2435 7 14 37
4176 0 11 37
950 1 11 37
1864 2 11 37
603 2 10 37
574 2 9 37
818 3 9 37
2646 17 18 38
499 17 17 38
1290 13 7 38
1992 14 7 38
3038 17 2 38
2165 14 8 38
3669 6 14 38
2420 14 9 38
3745 6 13 38
1834 14 0 38
3593 13 0 38
3333 12 0 38
58 12 1 38
430 12 2 38
2625 12 3 38
2542 18 17 39
1925 17 12 39
3470 7 16 39
1765 14 11 39
2738 10 15 39
698 17 0 39
3315 9 15 39
159 3 3 39
740 1 2 39
3400 11 18 40
3515 4 19 40
369 5 19 40
2487 19 3 40
1747 6 16 40
3417 18 3 40
1289 12 12 40
3275 18 2 40
180 19 6 40
684 9 16 40
3013 18 1 40
3164 18 6 40
4154 17 1 40
452 17 6 40
562 17 5 40
4177 16 5 40
1612 15 5 40
2795 15 4 40
355 8 5 40
3381 0 4 40
2666 0 3 40
790 1 3 40
3820 1 1 40
2088 8 19 41
4034 5 18 41
3092 6 19 41
1438 6 18 41
173 7 19 41
3520 7 18 41
785 3 11 41
2957 4 11 41
2605 1 8 41
2572 10 5 41
15 1 7 41
1337 8 6 41
4023 2 7 41
3033 7 6 41
999 7 5 41
1412 3 7 41
3531 19 8 42
3121 18 8 42
1900 18 7 42
1033 17 7 42
4055 16 7 42
1411 10 18 42
1251 9 18 42
2269 9 17 42
2444 5 14 42
987 6 15 42
62 5 13 42
4155 7 15 42
3474 10 2 42
3413 5 10 42
324 10 3 42
2852 4 10 42
3172 9 3 42
3757 3 5 42
2350 19 17 43
2834 19 16 43
1553 11 19 43
1542 1 16 43
394 11 18 43
186 2 16 43
3554 11 17 43
3362 11 16 43
859 1 14 43
1498 2 15 43
3205 3 15 43
3524 1 13 43
2914 16 0 43
2309 13 2 43
419 9 6 43
1035 9 5 43
3813 7 2 43
2362 7 3 43
236 6 3 43
3522 3 6 43
783 18 18 44
929 17 19 44
3517 18 17 44
2964 16 19 44
3843 18 16 44
181 15 19 44
1403 17 16 44
625 15 18 44
858 15 17 44
930 15 15 44
1172 19 2 44
3617 18 2 44
944 18 1 44
807 10 14 44
3928 17 1 44
2821 16 1 44
4121 15 1 44
3359 15 2 44
1116 11 8 44
1546 10 8 44
1696 15 3 44
3602 0 10 44
2853 8 7 44
3303 1 10 44
1248 8 8 44
3340 2 10 44
1638 6 2 44
1776 19 7 45
1815 18 7 45
3017 17 7 45
3575 16 7 45
1129 16 8 45
178 16 9 45
1388 16 10 45
1175 4 18 45
1429 15 10 45
1759 4 17 45
3868 5 17 45
2127 15 11 45
2545 6 17 45
2570 7 17 45
1791 12 13 45
2216 8 17 45
1592 4 13 45
3550 8 16 45
2117 8 15 45
2071 8 14 45
4103 15 6 45
3553 14 1 45
953 14 2 45
3332 14 6 45
2698 13 6 45
1762 12 6 45
565 12 5 45
3963 6 9 45
918 6 8 45
204 4 3 45
1963 6 1 45
3027 5 1 45
3256 4 1 45
2384 0 14 46
2736 5 15 46
4027 0 13 46
149 12 17 46
2989 4 15 46
8 0 12 46
2103 12 16 46
3292 15 13 46
1917 12 15 46
2560 1 12 46
786 11 15 46
340 2 12 46
1215 0 5 46
687 0 6 46
1442 0 7 46
589 1 7 46
3875 2 7 46
1679 8 1 46
3252 2 6 46
532 8 0 46
1407 2 5 46
449 7 0 46
3930 6 0 46
194 5 0 46
1023 4 0 46
1934 3 0 46
3693 4 16 47
2505 14 14 47
4074 5 11 47
2634 1 9 47
501 2 9 47
1804 5 10 47
1719 3 9 47
3922 4 10 47
2061 3 8 47
2152 13 18 48
253 16 15 48
3060 17 11 48
3165 16 13 48
2147 2 13 48
1843 10 7 48
733 9 7 48
1758 9 10 48
2412 9 8 48
290 7 10 48
2048 5 9 48
1335 4 9 48
2367 4 8 48
881 5 7 48
677 4 7 48
2259 19 12 49
3626 19 13 49
2375 19 14 49
3600 19 15 49
2740 19 16 49
2970 18 16 49
3022 17 16 49
1209 1 17 49
2206 17 15 49
3701 1 16 49
443 17 14 49
2337 18 0 49
3505 16 3 49
2631 15 3 49
494 8 2 49
4041 8 3 49
693 5 6 49
2507 2 17 50
1754 2 16 50
2473 2 14 50
1296 16 6 50
1131 15 6 50
653 10 10 50
2769 14 6 50
3675 9 11 50
1306 13 6 50
3237 11 0 50
2251 11 1 50
3870 12 6 50
3847 10 0 50
322 12 5 50
12 10 1 50
1334 0 4 50
4107 0 3 50
551 1 3 50
526 1 1 50
690 13 17 51
489 9 19 51
3677 9 18 51
1341 9 17 51
2926 8 17 51
307 8 5 51
1293 4 2 51
1352 4 1 51
1536 4 0 51
2709 3 0 51
2258 12 19 52
836 12 18 52
2107 18 13 52
1292 12 7 52
3566 12 8 52
2865 9 12 52
605 13 0 52
1910 12 0 52
2971 12 1 52
1435 12 2 52
246 0 9 52
2966 12 3 52
75 9 2 52
1769 10 2 52
1681 1 9 52
2916 3 10 52
820 10 3 52
2606 2 9 52
3924 3 9 52
2576 4 9 52
1470 5 5 52
3132 13 19 53
1164 13 18 53
3726 14 18 53
473 2 18 53
2667 18 11 53
1372 2 17 53
2082 2 16 53
3939 18 12 53
839 19 0 53
478 19 1 53
581 18 1 53
1822 14 0 53
3270 15 14 54
2124 16 14 54
225 17 14 54
1389 17 13 54
745 14 15 54
251 9 16 54
1778 13 3 54
1402 0 1 54
3956 0 0 54
2111 1 0 54
3087 16 16 55
289 10 19 55
1937 9 19 55
3658 9 18 55
861 9 17 55
4196 19 6 55
2022 6 14 55
593 18 6 55
2033 17 6 55
403 6 13 55
19 17 5 55
3685 7 13 55
2217 16 5 55
624 15 5 55
3842 14 5 55
1862 3 7 55
2538 6 3 55
598 3 6 55
949 3 2 55
2456 3 1 55
399 1 15 56
1369 0 15 56
2380 0 14 56
2286 15 9 56
2618 0 13 56
3898 15 10 56
3025 0 12 56
3623 15 11 56
973 12 12 56
2554 10 6 56
627 10 7 56
1661 9 7 56
364 9 8 56
3084 2 11 56
2589 2 8 56
2664 2 10 56
708 2 9 56
3288 6 7 56
4048 7 2 56
3605 6 6 56
1427 7 3 56
892 5 2 56
4080 6 5 56
2585 5 3 56
983 18 3 57
2466 18 2 57
2303 17 2 57
2283 17 1 57
427 10 11 57
1165 11 11 57
2413 11 10 57
3861 10 5 57
2133 9 5 57
47 1 5 57
2835 1 4 57
4100 19 18 58
2586 18 18 58
668 18 19 58
655 17 19 58
3674 16 19 58
1588 2 15 58
2598 1 14 58
1697 5 16 58
2892 1 13 58
3734 6 16 58
2191 6 17 58
3770 1 12 58
572 7 17 58
544 2 12 58
2170 8 17 58
4195 14 7 58
504 14 8 58
265 16 2 58
1222 8 16 58
1507 16 0 58
3800 10 12 58
2144 14 9 58
2449 8 15 58
2785 16 1 58
2871 15 1 58
1492 13 2 58
1858 14 1 58
211 6 11 58
2347 14 2 58
3852 7 11 58
1942 14 3 58
3258 11 2 58
3467 11 3 58
2857 9 6 58
2312 8 6 58
2334 5 1 58
1692 0 2 58
3526 1 2 58
3673 0 18 59
3263 18 9 59
3497 1 18 59
1204 18 10 59
3976 13 7 59
3919 13 8 59
2837 13 5 59
1865 0 8 59
3318 1 8 59
1880 2 8 59
1339 3 5 59
2182 3 3 59
1941 14 19 60
682 15 19 60
1184 2 19 60
2443 18 14 60
213 2 18 60
1381 14 17 60
3235 17 14 60
4115 2 17 60
2777 17 13 60
3791 2 16 60
1378 3 16 60
3814 11 17 60
1651 3 15 60
3816 3 14 60
2234 11 16 60
2132 3 13 60
542 11 15 60
2458 0 11 60
3167 1 11 60
1221 2 11 60
1494 8 8 60
388 4 3 60
1779 8 1 60
1578 6 2 60
1194 8 0 60
1106 6 1 60
1642 7 0 60
594 6 0 60
2905 5 0 60
1018 4 0 60
4186 3 0 60
3694 17 17 61
2525 17 16 61
1102 17 9 61
479 16 16 61
4067 19 4 61
1483 6 8 61
34 19 11 62
2675 18 11 62
2523 11 14 62
26 4 13 62
3404 6 10 62
3548 6 9 62
3221 11 5 62
4005 8 7 62
1025 9 3 62
2314 0 5 62
1620 0 6 62
1707 0 7 62
3564 1 7 62
2724 2 7 62
538 2 6 62
911 2 5 62
424 15 7 63
1664 15 8 63
3949 15 9 63
1914 15 10 63
1703 5 17 63
754 7 19 63
261 15 11 63
1124 6 17 63
1161 12 15 63
2995 6 15 63
697 14 10 63
1621 7 15 63
2765 7 14 63
1955 10 8 63
804 0 10 63
1849 1 10 63
2447 2 10 63
4028 3 11 63
250 10 3 63
3485 4 11 63
1605 4 10 63
2831 5 5 63
2288 17 18 64
2440 16 18 64
3479 15 18 64
1040 15 17 64
1827 6 18 64
2743 10 18 64
86 7 18 64
1046 9 18 64
3937 9 17 64
1549 11 12 64
2700 19 5 64
939 18 5 64
1699 18 4 64
1366 16 3 64
298 15 3 64
3990 10 2 64
2319 3 10 64
3324 9 2 64
2882 8 2 64
421 8 3 64
3134 5 6 64
3395 1 19 65
1922 2 19 65
2948 3 18 65
85 2 18 65
2493 2 17 65
509 2 16 65
3899 18 8 65
3037 17 15 65
1690 17 16 65
2659 15 13 65
3731 10 15 65
224 9 15 65
3293 17 3 65
420 11 8 65
2650 17 4 65
1312 16 4 65
4181 15 4 65
2239 1 1 65
4010 14 13 66
746 12 14 66
3426 12 13 66
2238 14 11 66
1038 11 13 66
3401 10 14 66
1098 9 14 66
1432 10 13 66
4 9 13 66
2762 15 2 66
1379 0 4 66
3408 0 3 66
2434 1 3 66
1487 19 19 67
1938 18 19 67
3110 17 19 67
4001 17 18 67
3150 19 10 67
3513 19 9 67
118 1 17 67
2429 16 18 67
2720 18 9 67
1329 1 16 67
1066 16 17 67
823 0 16 67
1946 16 10 67
1896 0 15 67
1593 0 14 67
1555 4 18 67
1225 1 14 67
345 6 19 67
2540 4 17 67
586 5 17 67
2125 1 13 67
2163 1 12 67
2847 4 14 67
1670 5 14 67
3095 5 13 67
1640 0 9 67
2377 12 3 67
267 1 9 67
1726 2 9 67
3151 3 9 67
3630 5 7 67
3911 5 18 68
2697 6 18 68
2679 6 17 68
2457 7 17 68
1180 8 17 68
522 12 2 68
658 12 0 68
1722 12 1 68
3494 3 8 68
2619 11 1 68
849 6 3 68
662 3 6 68
384 10 1 68
1398 0 2 68
321 3 2 68
2307 1 2 68
117 3 1 68
556 18 1 69
925 7 16 69
855 8 16 69
3330 13 0 69
1048 8 15 69
275 8 14 69
2172 8 13 69
3201 13 6 69
455 12 6 69
2824 12 5 69
831 9 6 69
1092 8 6 69
4170 3 7 69
3737 11 0 69
3080 10 0 69
933 5 3 69
2424 9 0 69
2020 8 0 69
1890 7 0 69
3760 6 0 69
2668 18 12 70
1436 19 3 70
108 19 2 70
3591 19 1 70
3289 19 0 70
2530 18 0 70
223 17 0 70
3709 16 0 70
1653 15 0 70
2839 14 0 70
3244 9 11 70
2056 5 11 70
247 5 10 70
3296 4 10 70
3648 6 5 70
1547 5 2 70
637 5 1 70
566 12 11 71
3660 7 13 71
2459 6 11 71
3909 7 11 71
775 11 2 71
1875 11 3 71
2023 6 6 71
3879 18 7 72
2968 17 7 72
1142 16 7 72
4069 16 8 72
671 16 9 72
1551 11 15 72
1601 12 15 72
456 12 8 72
2219 11 7 72
2818 13 2 72
146 11 8 72
3749 14 6 72
3432 7 2 72
306 7 3 72
3613 19 13 73
1562 19 14 73
423 19 15 73
205 19 16 73
2774 11 19 73
442 18 16 73
3499 17 8 73
3682 17 16 73
659 0 17 73
2308 11 18 73
3143 17 9 73
3091 15 15 73
3578 0 16 73
3994 11 17 73
669 17 10 73
3412 0 15 73
1514 11 16 73
2194 0 14 73
2261 12 16 73
2895 17 11 73
3363 1 14 73
344 17 12 73
508 1 13 73
3370 14 14 73
377 16 12 73
155 4 15 73
3049 4 14 73
343 5 14 73
1728 5 13 73
914 6 13 73
2390 10 12 73
3923 9 12 73
3452 10 10 73
1408 6 7 73
762 5 9 73
2532 8 5 73
791 5 5 73
782 4 2 73
3864 4 1 73
4104 16 18 74
2663 16 17 74
2222 15 18 74
3308 14 18 74
4139 3 19 74
3642 3 18 74
3450 4 18 74
3625 5 19 74
4017 5 18 74
1169 10 17 74
3251 9 17 74
2524 16 2 74
961 16 1 74
3385 13 1 74
4173 10 6 74
1952 15 1 74
1473 14 1 74
632 14 2 74
469 9 10 74
2433 14 3 74
196 7 10 74
2942 10 3 74
1975 8 1 74
2272 6 2 74
2590 8 0 74
3089 3 5 74
1723 6 1 74
3860 7 0 74
3853 3 3 74
1918 6 0 74
2653 5 0 74
60 4 0 74
4152 3 0 74
3154 13 19 75
3032 13 18 75
982 13 17 75
2608 0 12 75
4009 1 12 75
2597 2 12 75
1732 12 12 75
1674 3 12 75
138 4 12 75
1279 5 12 75
187 12 7 75
483 11 7 75
826 11 6 75
2409 10 7 75
3776 9 7 75
3447 12 6 75
3819 12 5 75
1253 9 8 75
3877 8 8 75
3809 0 7 75
2789 1 7 75
378 4 3 75
3821 1 4 75
3153 0 1 75
706 0 0 75
2483 1 0 75
2758 8 19 76
3457 7 19 76
543 6 19 76
464 18 6 76
1766 17 6 76
802 17 5 76
3541 15 6 76
1099 1 11 76
2562 10 5 76
1826 9 5 76
2154 9 3 76
1667 5 6 76
3052 0 6 76
1953 0 5 76
2620 1 5 76
2058 13 3 77
2958 8 7 77
1096 0 8 77
481 1 8 77
1114 2 8 77
1463 2 7 77
3917 2 6 77
498 2 5 77
3952 14 7 78
3246 14 8 78
2193 14 9 78
744 0 11 78
284 10 8 78
1346 0 10 78
2228 1 10 78
1774 6 10 78
1370 2 10 78
1904 2 11 78
2826 6 9 78
2465 11 5 78
1905 3 11 78
3510 4 11 78
2201 4 10 78
3727 19 12 79
2537 19 13 79
2381 19 14 79
260 19 15 79
792 19 16 79
3946 3 17 79
3534 3 18 79
725 4 19 79
985 16 11 79
1361 9 16 79
1386 7 14 79
3974 16 6 79
2900 13 5 79
1573 10 2 79
1568 9 2 79
1648 3 10 79
2432 8 2 79
1007 8 3 79
220 5 7 79
728 19 8 80
3280 19 17 80
434 19 7 80
2304 18 17 80
1693 18 7 80
3572 17 7 80
1595 18 16 80
1687 17 8 80
81 17 16 80
2027 17 9 80
69 16 16 80
3483 17 10 80
507 15 16 80
1825 14 16 80
78 5 17 80
2131 7 15 80
2941 16 3 80
3353 15 3 80
663 15 4 80
3399 14 3 80
1183 0 9 80
3323 12 3 80
4113 1 9 80
2037 2 9 80
1977 3 9 80
438 4 9 80
607 4 8 80
3262 4 7 80
4185 3 1 80
297 1 1 80
3047 0 19 81
3189 1 19 81
2579 11 14 81
3933 2 19 81
127 19 11 81
325 11 15 81
833 3 19 81
2694 18 11 81
1591 11 16 81
1074 4 19 81
4051 4 17 81
848 12 16 81
4079 4 18 81
1390 5 18 81
1391 5 16 81
2370 14 15 81
1656 3 16 81
1705 3 15 81
3606 6 18 81
171 6 16 81
382 3 14 81
3865 6 17 81
883 7 17 81
3383 3 13 81
1423 4 13 81
3279 18 4 81
1596 13 7 81
3295 14 10 81
3012 13 8 81
3129 10 11 81
1585 16 4 81
910 5 2 81
1237 5 1 81
68 1 2 81
2141 16 10 82
3072 2 14 82
2176 2 13 82
4042 9 18 82
2735 9 17 82
1814 11 12 82
3680 11 11 82
2297 11 10 82
4056 6 5 82
271 3 2 82
1688 18 13 83
1217 19 6 83
1629 17 3 83
338 19 5 83
1219 17 4 83
148 18 5 83
3191 17 5 83
1771 16 5 83
3568 9 11 83
158 15 5 83
1058 5 11 83
3588 5 10 83
3406 1 6 83
116 0 2 83
533 2 6 83
4090 2 5 83
3959 18 10 84
466 12 17 84
2001 12 16 84
240 15 10 84
2707 15 13 84
1147 15 11 84
192 10 16 84
947 10 15 84
805 6 15 84
1566 6 14 84
3929 9 15 84
2602 7 14 84
1420 10 1 84
787 10 2 84
3982 9 2 84
3857 8 2 84
1520 8 3 84
919 1 18 85
151 19 9 85
535 4 16 85
994 1 17 85
3273 3 16 85
4147 1 16 85
1933 0 16 85
351 3 15 85
3458 0 15 85
3557 2 15 85
712 2 14 85
860 0 14 85
248 7 18 85
3319 10 13 85
3471 9 13 85
1162 15 2 85
3163 3 6 85
2368 5 6 85
851 1 5 85
808 0 6 85
3427 5 5 85
1678 0 5 85
36 0 4 85
2912 7 1 85
3097 0 3 85
2478 4 2 85
4149 1 3 85
1262 4 1 85
2137 16 19 86
2120 16 18 86
1524 18 8 86
1375 18 15 86
2422 15 18 86
316 14 18 86
3096 12 18 86
2300 17 15 86
1298 13 18 86
2885 14 17 86
1594 13 17 86
2415 10 19 86
2751 9 19 86
258 16 1 86
270 10 14 86
4057 9 14 86
3763 10 10 86
788 1 11 86
3428 2 11 86
1500 3 11 86
2423 3 10 86
1856 10 5 86
150 6 7 86
1323 4 10 86
2975 5 9 86
2550 9 5 86
1324 9 3 86
162 7 2 86
237 8 5 86
2442 7 3 86
3051 6 3 86
2463 5 2 86
1230 5 1 86
2760 1 2 86
3725 19 10 87
2495 19 9 87
1786 18 9 87
1985 16 14 87
1108 10 18 87
3686 9 18 87
2031 9 17 87
1637 10 11 87
2748 6 13 87
2733 17 6 87
747 16 4 87
2376 15 6 87
2116 11 8 87
3145 14 6 87
934 5 3 87
997 15 9 88
227 12 15 88
1377 5 14 88
4183 18 4 88
4138 5 13 88
2639 13 7 88
2441 14 10 88
1051 13 8 88
2551 12 8 88
1907 13 2 88
4078 9 1 88
1342 0 18 89
1598 1 18 89
2118 1 17 89
2190 1 16 89
995 2 16 89
4030 2 15 89
301 2 14 89
3560 1 14 89
3784 16 13 89
3612 19 1 89
1067 1 13 89
1223 19 0 89
428 4 15 89
2446 1 12 89
2842 4 14 89
1852 18 0 89
2135 4 13 89
2848 11 0 89
1305 10 0 89
2047 9 0 89
476 3 3 89
940 0 1 89
3529 0 0 89
577 1 0 89
1831 19 2 90
561 6 19 90
1078 14 15 90
1554 14 14 90
1895 18 2 90
567 3 14 90
2474 3 13 90
96 8 18 90
1775 18 6 90
2195 11 13 90
14 10 13 90
1742 18 5 90
3356 10 12 90
2910 17 5 90
111 9 12 90
2264 11 1 90
1351 11 2 90
920 8 8 90
2184 11 3 90
1969 6 6 90
1275 5 8 90
1543 3 7 90
2805 1 7 90
2797 0 7 90
3496 0 6 90
2961 0 5 90
2298 4 3 90
1932 6 2 90
2257 3 5 90
1344 0 4 90
3684 6 1 90
1644 1 4 90
2049 1 1 90
119 3 1 90
386 14 11 91
164 9 16 91
548 16 6 91
2547 16 5 91
35 15 5 91
2674 14 5 91
3094 7 12 91
1128 13 5 91
2398 8 10 91
1572 12 3 91
436 0 9 91
2790 1 9 91
4083 10 3 91
3916 2 9 91
2180 3 9 91
3530 9 3 91
3690 8 6 91
2716 3 8 91
1019 8 5 91
1365 7 2 91
678 7 3 91
2112 5 7 91
1080 6 3 91
91 8 1 91
3714 8 0 91
1961 7 0 91
2005 6 0 91
2178 16 7 92
3948 12 19 92
90 12 18 92
3455 16 11 92
2512 1 15 92
3796 0 13 92
1780 1 14 92
3114 1 13 92
1740 1 12 92
2888 2 12 92
3430 3 12 92
2516 4 12 92
1424 5 12 92
1111 6 12 92
1915 6 11 92
4127 6 9 92
3473 11 5 92
1368 4 11 92
3500 19 18 93
1256 14 19 93
2731 15 19 93
1239 15 18 93
302 15 17 93
3127 4 17 93
3000 4 19 93
1805 14 17 93
3006 19 3 93
1281 18 3 93
2255 12 14 93
2671 18 2 93
710 12 13 93
2566 17 2 93
1624 17 1 93
3719 17 0 93
2402 16 0 93
2863 15 0 93
1109 16 3 93
3785 15 3 93
2104 15 4 93
3441 9 10 93
2967 2 10 93
963 6 7 93
3835 10 5 93
2003 9 5 93
2121 5 9 93
609 16 15 94
2197 15 15 94
623 14 15 94
793 5 17 94
1094 14 13 94
3435 7 15 94
264 11 7 94
310 10 7 94
3766 10 10 94
2040 11 6 94
1714 6 10 94
3411 10 1 94
3066 10 2 94
2642 6 8 94
2100 9 2 94
3997 8 2 94
1316 8 3 94
3309 4 2 94
3178 4 1 94
752 15 7 95
1150 19 16 95
3054 15 8 95
2394 0 17 95
3415 1 17 95
2266 16 8 95
1541 11 15 95
